5.872499704458156609e-06 1.789682480249011558e-06
4.294995641661272827e-06 9.465251026962129736e-07
3.486332065064866350e-06 8.996280955253375510e-07
1.676570431545317441e-06 2.327442388543018391e-07
1.473702846352849277e-06 -6.021070204518555219e-07
2.227626279569275384e-06 -8.294978606380281258e-08
1.836625218162576665e-06 -9.850355648293519155e-07
1.766429232565288391e-07 -1.039138986639418079e-06
2.526305685697814368e-08 3.108230113510853002e-07
1.665248816743020271e-07 -1.345588690327163121e-07
-2.474428394723913592e-08 1.443215236069474707e-07
-3.365267496747770142e-07 -6.073345580351764212e-07
-9.383260080197020758e-07 -3.050443430838663354e-07
-2.405538886786130340e-07 -4.956765680770687685e-07
-3.311502972528738884e-06 -1.614166091264227549e-06
-1.264196073853703067e-06 -1.216233594594541736e-06
-7.009425893003619561e-07 -5.486858552597762937e-07
-2.813053634538992641e-07 -4.309786943436344234e-07
-2.118729138039429877e-07 -3.255471119822590597e-07
-3.524836363593795075e-07 7.796187614874122926e-09
-4.985088195740224617e-07 -3.885483930277318214e-07
-9.927145436776858244e-07 -7.502470488307157278e-07
-2.513790099147649437e-06 -9.993591970330819525e-07
-3.311443922667104565e-06 -1.393337521548711452e-06
-2.256004012680248586e-06 -4.108615467392634739e-07
-1.324632117252993204e-06 -3.061363696121831341e-07
-2.407234137011525645e-06 -3.203313732659714305e-07
-2.826884458309859201e-06 -2.359042414759541328e-07
-2.664626946967208279e-06 -7.134740621549805199e-07
-1.288248891440084450e-06 1.166474360551365432e-07
-3.555324569191351677e-07 5.604139694509813298e-07
-5.986754357512842589e-07 3.808775125060004172e-07
6.752337935674898692e-06 2.665185049165079302e-06
6.171915153054083431e-06 2.165246542784990423e-06
5.626702988068065124e-06 2.350966664182680664e-06
3.374508628448163444e-06 1.231876205392782507e-06
3.869527941523554026e-06 9.197956748774829826e-07
1.927160654350676878e-06 1.907450065191446143e-07
1.134678639754810150e-06 6.158092231439693368e-08
1.618671065544211284e-06 5.250731842436931642e-07
1.551026702297539103e-06 1.005161220448823344e-06
1.701576407297098722e-06 1.392480802273323804e-06
4.504069765840059866e-07 -2.881134022273121535e-07
3.069153266828407824e-08 2.096898274051603446e-07
-1.739077167523595189e-07 2.763405007576185202e-07
-1.994375033827844981e-06 -8.106322753764183653e-07
-8.987284399119206509e-07 -8.318547220894070844e-07
-2.987012512132262306e-07 -3.584595880855783155e-07
-1.565169901390469315e-06 3.943493084617185184e-08
-7.119919233696352776e-07 -4.143948961118316615e-07
-7.791600650077016150e-07 8.468385276213971692e-08
-9.192632668140108148e-07 -4.386948163165932476e-07
-1.087274638262111868e-06 -5.097567677830917585e-07
-1.652432862264069761e-06 6.126736897856488213e-08
-8.766714017020935673e-07 5.667009296907222223e-07
-4.434204140928842060e-07 6.875859445482578864e-07
-4.881840775557101401e-07 1.021509542942125286e-06
-1.011195798971736479e-06 7.479369937873395810e-07
-1.643280249974800705e-06 2.409642743422351400e-07
-2.215096291082286255e-06 -9.904060682407837959e-07
-3.411650106437896493e-06 -1.838991883329823175e-06
-2.438130982560677734e-06 -1.245570571253641960e-06
-1.345828412192326915e-06 -2.448123610277839724e-08
-2.790774519464573037e-06 -1.766719719091196246e-07
