-1.427634789927535370e-06 1.800397401826829885e-06
-7.673991978430086953e-07 1.231796545025300734e-06
-6.879183438361753146e-07 1.217179978391185832e-06
-4.548211638600716720e-07 3.628595101293544553e-07
-1.147402153481392851e-06 9.044467795207888288e-08
3.557679523705817826e-07 4.651740057818322141e-07
-2.374847152796577053e-07 5.901569351413509897e-07
-1.028835135160722253e-06 5.853113496671002939e-07
-1.092726131298264348e-07 1.644765579636147823e-07
-8.953946034571150356e-07 3.008983018981229361e-08
-6.801738193097235975e-07 4.894500448817447606e-08
-4.081951194240317789e-07 9.197448186255305059e-08
-1.446029468789703548e-07 -2.408282790287159758e-07
-8.098485502155616233e-07 -3.873563579157108178e-07
-1.493951598290553245e-07 -9.173641103171182664e-07
1.632598820334315860e-07 -4.838659950018549309e-07
4.229775815707164065e-09 -4.065318173884508993e-07
1.855721185419457022e-07 -7.851534422865372749e-08
2.153762354642985039e-07 2.655632969444683073e-07
9.350178514527890893e-07 2.089857395535771342e-07
7.846353144281739492e-07 1.071972381981770628e-08
4.218178884266827520e-07 -2.649789479490978494e-07
-4.265045565860200860e-07 -5.898162241718928801e-07
1.258362226350373036e-07 -1.527905052238700157e-06
8.975502791246052630e-07 -6.932024735020324682e-07
8.891752786487931401e-07 -1.728677130023610524e-07
6.873068814185200843e-07 -5.780224516116822298e-07
8.802372875698298263e-08 -1.286655468964433335e-06
4.847494529369213743e-07 -8.518383841606693892e-07
1.180897706130556930e-06 -1.908283626407009188e-08
1.053511765025394854e-06 2.306408822197211167e-07
8.124982512698666670e-07 5.406578858216185470e-09
-1.863617275663433390e-06 2.350684295486595115e-06
-2.026592091291714764e-06 1.051078351329993779e-06
-2.331093172992909613e-06 2.150422779325023831e-07
-1.256302328393614855e-06 5.920153100346892389e-07
-1.170796210520784752e-06 1.182082858224133758e-06
-4.325106242901942157e-07 3.650563651860956901e-07
-4.914122624507446430e-07 2.343957494547032401e-07
-4.850735065094321383e-07 -9.671456179740703238e-10
-9.023522435354215040e-07 -3.710939259776910286e-07
-7.774348992016167416e-07 -3.431527776399678693e-07
1.258259019473658422e-07 -2.702941808725861737e-07
1.891953509059989541e-08 -1.793062968019444233e-07
1.918784496798773282e-07 2.654936490658015218e-07
8.317809415330290720e-08 4.028882308031644373e-07
-1.759215075857651221e-07 3.083712714409508529e-07
-2.998625732070170255e-07 2.153042876557974872e-07
2.702732055830123839e-07 2.120959966305284217e-07
3.787290074111955870e-07 3.240289436636095517e-08
2.714701896651799819e-07 -4.227496379688814462e-07
4.247469611399021844e-07 -1.022753428699040850e-06
4.264694087270034716e-08 -1.297124189922911654e-06
8.338462728636357410e-07 -2.741484363086806113e-07
7.307247337609434677e-07 1.587538204010324627e-07
9.102248996808573555e-07 3.124520213902194970e-07
1.292989329132904433e-06 3.518409416980740821e-07
1.261293893885928145e-06 4.426798955876671512e-07
9.910403919669236858e-07 1.040182040136139876e-07
6.691124660141128256e-07 -7.905073603715044235e-07
1.937344269166166407e-07 -1.817900533036531175e-06
1.226910284411879185e-06 -3.104834990918120173e-07
1.362090691822382444e-06 7.842792450697095873e-08
1.022989303381871083e-06 -6.758939769689194228e-07
