-4.107195457655666363e-06 -1.296301762128184904e-06
-3.317453360443826427e-06 -1.047307449797941813e-06
-2.353425614184385675e-06 -6.895555833561685201e-07
-1.109835510209935854e-06 -1.474798666551017249e-07
-1.251122435398084456e-06 -2.588645913823114517e-07
-9.681636135395760137e-07 -3.369104779038092485e-07
-1.462977008380528957e-06 -5.100942658403297898e-07
-9.915790150656666952e-08 -2.232661578011830498e-07
1.738626726572694308e-07 -1.055295224443544693e-07
-5.662695084369890783e-07 -5.256437368242244017e-07
-6.246317989498570953e-07 -1.734969405004446171e-07
-1.193995359476773271e-07 -1.989395235434161282e-07
-4.961467471234289639e-07 -6.072713866637124215e-07
1.064519012114057296e-07 -1.895634785519560250e-07
5.649900542868578880e-07 1.625475971422827959e-07
9.031215145682818053e-07 1.015826259710191750e-07
4.336327816209117603e-07 -1.574198203921629915e-08
3.278035279261252242e-07 -1.205436872373673516e-07
4.517825913886996227e-07 -2.914165111613501889e-07
8.636810527704539358e-07 1.975212791089636073e-07
5.593524877228228824e-07 9.521907059269467155e-09
1.015233936371683884e-06 1.399999006539367430e-07
1.251564356396686802e-06 1.379756455759919863e-07
1.393927182968831663e-06 8.794532986590572807e-08
1.424768055890192192e-06 2.175240553611999922e-07
1.286192308973027523e-06 3.397198429900348561e-07
1.602784786337068933e-06 2.581378048109555199e-07
2.362690219324995150e-06 1.353323502142790428e-07
1.584282256712691855e-06 4.506688179387020771e-07
1.464613645639604079e-06 5.460016125984129647e-07
1.324569200100772428e-06 3.312095450414630070e-07
7.326364067648494833e-07 -4.856912602356177998e-09
-4.380349952470282172e-06 -1.356185234157720757e-06
-3.966047970437952419e-06 -1.234140636723103335e-06
-2.923730848327189499e-06 -8.368549420944062818e-07
-2.612132628581683501e-06 -4.457786228505199598e-07
-2.295610355182102413e-06 -4.271587033410791260e-07
-1.111593778069010695e-06 -6.622445700906059369e-08
-1.134443693221528856e-06 2.068601408940639412e-08
-1.002741287721455973e-06 5.318709604203058472e-08
-1.404076705408821003e-06 -3.793790877700524455e-07
-2.126781251757169079e-06 -4.385710445736754215e-07
-2.816976713733008764e-07 -4.158924342245535054e-08
-3.679987076726743198e-07 4.106035553044944900e-08
-3.179267955559804716e-07 5.097670622207876357e-08
-4.849782339708991692e-07 2.709948980487814740e-07
-3.594596016338081780e-07 -4.022121899756673272e-08
3.401790725017355605e-07 4.960756352952511486e-08
1.828729676157462982e-07 1.357502175541552395e-07
2.766339851678799839e-07 2.792803899610890885e-07
4.603620557492233703e-07 7.219584995570627012e-08
9.028073940065712738e-07 4.243576650572463210e-07
1.247672488618783270e-06 5.661859928682955744e-07
1.116497618400682650e-06 5.136296904503563682e-07
8.906280348351449891e-07 4.798824315310691806e-07
9.915865720609587970e-07 3.053573398765913380e-07
1.533924101415483756e-06 5.248536929478535753e-07
1.807734757024557020e-06 7.061529973488245518e-07
2.204934580453705921e-06 7.293356287648170846e-07
1.850319417018534263e-06 7.677406420271142830e-07
1.669657077135167739e-06 4.304824459865618285e-07
2.131188217614476616e-06 9.240843129862946118e-07
1.806347579906112309e-06 7.264671019023261316e-07
2.004061114002355365e-06 8.209296803600448375e-07
