-8.059026848649353486e-06 -6.494584399315070304e-06
-5.604577758677544708e-06 -4.281932603548718353e-06
-3.145288411297028384e-06 -2.292702647865730408e-06
-1.410589466459073013e-06 -1.765222033328168135e-06
-1.721726947819900353e-06 -8.446071570064386690e-07
-7.091065152042210588e-07 -1.875349621431189291e-06
-2.850945025674364700e-06 -2.178125605429965334e-06
-9.019897614925126265e-07 -3.985783239938556442e-07
-4.195388613904379387e-07 3.157439561839988470e-07
-1.072370641880662070e-06 6.872977477568717428e-07
7.192966384466971408e-07 1.173034385164046923e-06
2.750971244549513348e-06 3.791623504417536387e-06
9.758164564196489419e-07 8.049629399457275819e-07
-9.244197192936804594e-07 9.919216971032698524e-07
-2.416166479124645029e-06 -3.841897107749166124e-06
5.860246416202641249e-07 2.641748536785088936e-06
9.714326778133286398e-07 2.514149983536859158e-06
1.037676839358241765e-06 1.550941021003992795e-06
1.347237614514860360e-06 3.032603748768404600e-06
2.691751960599011975e-06 3.659701833933730647e-06
2.480734539824896860e-06 4.158163434448080828e-06
1.920583716756660133e-06 2.591414251212657790e-06
7.027198044379837027e-07 5.110327360359263254e-06
1.423194246235143411e-06 2.293151765318349459e-06
4.774283541106824917e-06 5.286754916215485474e-06
3.804543650823056732e-06 4.755556931814034647e-06
5.335514733101091655e-06 5.620979517696628880e-06
5.021565474517544151e-06 2.869850555636125278e-06
3.947688953225910008e-06 4.443521036160590215e-06
3.943573126218169381e-06 4.490820350351686995e-06
3.106778789982411766e-06 3.754492493643360476e-06
2.236745536453458792e-06 3.386591220043776593e-06
-1.059032832410223169e-05 -9.130066931355556109e-06
-1.010589345502519813e-05 -1.231623413819627350e-05
-8.436530061319041018e-06 -1.299360019313711235e-05
-5.598937257167717423e-06 -7.812847717420478332e-06
-3.587573050372885538e-06 -4.218622392944546405e-06
-1.876712517439820110e-06 -9.436585402365940025e-07
-1.696486537133854027e-06 -3.420417577282207261e-06
-1.137044198353472253e-06 -4.067063382733281435e-06
-3.150763207825282006e-06 -5.451642928859896312e-07
-3.741535652827414640e-06 -8.521718035688423027e-06
-6.355163671284295366e-07 -9.402701358143148401e-06
-2.036325634406116208e-07 -1.976736773829814830e-06
2.255310836558979229e-06 -1.923031316550820170e-07
2.981488472525561141e-07 -6.630676541918617845e-07
-4.941570407569016357e-07 -6.102497574280083625e-07
1.238459000293070659e-07 1.968749889782583816e-06
-6.181352817584001967e-07 7.071357422241057839e-07
3.416761355212585519e-06 1.942110778545187603e-06
-2.237038063080338574e-06 -7.236370105012102992e-07
-4.815670989112671492e-06 -7.309726380555922182e-06
-1.480946838902965445e-06 1.052921981800784651e-06
6.213807425094171697e-07 4.660909410130275112e-07
2.552729381638023644e-06 3.021510934421120491e-06
3.320450793889453550e-06 2.854965556938323379e-06
3.366681301687244976e-06 3.487108019404649671e-06
4.620878363445388195e-06 4.716563693672042067e-06
3.275393221422483822e-06 2.531221705103218027e-06
3.619829179930326483e-06 5.263216152982767436e-06
5.067026082422479175e-07 -2.094381455129671825e-06
3.202875164077829177e-06 2.894407773023380131e-06
4.427326620664163988e-06 4.449685842800446169e-06
4.256199340145894381e-06 5.634154023772033227e-06
