5.898218972477477893e-07 8.720439641365070871e-07
-8.134574501102188329e-07 3.513662827551654628e-07
7.509550360832489805e-07 2.605125951859382752e-07
5.049729361717924803e-07 -4.079151448447677989e-07
-4.605844678072753020e-08 -3.574932300047902601e-07
-9.703318989216086233e-07 -1.782374898874986329e-07
-1.410841095096445078e-06 -3.235082091827925998e-07
-1.916744436020092092e-06 -8.373323576301065070e-07
-1.150295355674563919e-06 1.013225998022945344e-07
-1.917356100358514158e-07 -3.927239218257698474e-07
5.439223631095403240e-07 3.093286022877888031e-07
8.740346178303998851e-08 3.402372769695270403e-07
-2.573620393900016111e-07 4.955701007060980224e-07
-1.578980627141692273e-06 -8.122453057321053461e-07
-2.156101511449921527e-06 -1.297470875236334879e-06
-1.496763985548017102e-06 -1.372364856497196880e-06
-1.660347042402362439e-06 -7.824635766678785257e-07
-4.694710173331119236e-07 -2.625562789268919957e-07
-2.253666653791780953e-07 4.072587214943675780e-07
-3.732523526142998908e-07 6.838131342317038707e-07
-7.098282008739015530e-07 -3.252176055253608472e-07
-1.010854824116414254e-06 -1.204556067884808348e-06
-1.785632096437247581e-06 -1.451073784765626673e-06
-1.844405955638213254e-06 -1.914542590744192733e-06
-2.227936535376125782e-06 -1.793052221288725621e-06
-7.172822216113857190e-07 -3.962557370009040723e-07
-1.285128546979217084e-06 -1.410272176851077259e-06
-1.107790143064942371e-06 -1.903552833991413500e-06
-8.837657008369644760e-07 6.489083413019893967e-07
-2.032856467156287533e-07 1.108248539027343317e-06
7.666356308955987107e-08 1.664726536349046011e-06
3.543157204247582218e-08 1.192389578773301591e-06
1.695617729739669569e-06 1.075016377605326048e-06
2.770170358361464121e-06 1.941756794343908038e-06
3.642862735943510336e-06 9.231856011071417012e-07
1.680759592873485388e-06 3.764321219275813941e-07
1.056388558376140183e-06 3.014506778164987960e-07
8.087166854483696349e-07 -4.076239307409653725e-08
8.918024048080945419e-07 2.694340105668727094e-07
1.053217706948247449e-06 1.791819217778591288e-07
1.870414227673954852e-06 1.591969294629451955e-07
2.384618497965245370e-06 -6.065170859977789456e-07
8.230653128874515187e-07 -4.430559817287538265e-07
8.212518174786240124e-07 -1.223660567950937240e-07
1.146818984742609047e-06 4.100208228904969925e-07
9.721803283173298685e-07 4.710168047713443516e-07
6.380956839310614611e-07 1.201215646583496368e-07
6.928592355676382852e-07 9.415467470408264214e-07
1.041558192498248573e-06 1.028257148595063887e-06
5.601283867672278277e-07 8.562659804754861862e-07
1.683684754128294508e-07 -8.769363974303215587e-08
2.997620529239591671e-07 -6.140176757923144321e-07
-3.335927184079254798e-07 -1.028172910501763203e-06
-8.311629577769231490e-08 2.864657745887478456e-08
5.066123907094691808e-07 9.682488018632004732e-07
5.725688669348226848e-07 1.544975037947256854e-06
2.753102306394029195e-07 1.848800842613783653e-06
2.138975921108227497e-07 1.596159645316600696e-06
-6.778095678097238692e-08 -1.494237831142126343e-07
-6.463165196052138870e-07 -9.343859035865132526e-07
-1.453773580363773377e-06 -2.200990090661348528e-06
3.718127004310939171e-08 -8.917255903930657935e-08
1.719394407246404152e-07 1.026979002986065499e-06
-3.077381128710797975e-07 -7.630273397241071910e-07
