1.744462043063613489e-06 1.792483822045359211e-06
1.357132147337542560e-06 2.669658976786959977e-06
8.954361859047622740e-07 1.463364429349959148e-06
5.711092172606084287e-07 1.270002419363383808e-06
7.318070356679194967e-07 1.370819530318947905e-06
8.027260979991175727e-07 2.796011921647725606e-06
1.057169634829154178e-06 4.055663680903354229e-06
8.237335427586892794e-07 2.952779645200284418e-06
-1.553154167694113096e-07 1.622501645778662421e-06
2.335995193954696009e-07 1.273302991732063362e-06
6.349654148207880165e-08 1.594874528532618447e-07
3.693657690268950788e-07 9.777887709463483091e-08
1.594281498608886339e-07 7.142215879780014317e-07
-3.544889599472888279e-08 1.114346534880815900e-06
1.031856515850455107e-07 2.191092425648966598e-06
-7.767769106985706362e-07 7.572483867158490401e-07
-2.011181421552889063e-07 6.580577966460930185e-07
-5.066648982714004652e-08 3.552647521488029884e-07
2.243389499870446958e-07 -3.201667152991861017e-07
-3.564304426533571546e-07 -2.904214720446591457e-07
-5.587869723420493912e-07 -2.949515002530197188e-07
-6.399430227095529375e-07 -2.708046548655628096e-07
-6.101571456754441615e-07 -1.458362331446434567e-07
-1.142262960999515980e-06 -4.386958475321566023e-07
-1.463751325391240075e-06 -6.738797871523048533e-07
-8.345706710069294047e-07 -6.242770466652250083e-07
-1.263847958425765117e-06 -1.299067898347658952e-06
-1.035389834933245908e-06 -1.137914647269858370e-06
-9.615911668423193853e-07 -1.496917192079643667e-06
-5.332692945925737049e-07 -8.403486360563403497e-07
-4.969611508974496854e-07 -1.903373983297230663e-07
-1.276275460544030508e-08 -4.709876281258803546e-08
1.943948474983703841e-06 6.927165822133048800e-07
1.755413424927206045e-06 -4.247502965981160667e-07
1.401888756438914211e-06 -1.655650160450167443e-06
9.432953730092682150e-07 4.155529461986282515e-07
1.133184381920735610e-06 1.245287075570962020e-06
3.966255772581780461e-07 7.414384292918238866e-07
7.260704221299223453e-07 5.276732500551956280e-07
3.406524393485292056e-07 -8.586248673703123437e-08
8.127476606507882814e-08 -1.038787923945488069e-06
-1.772762378372568816e-07 -2.217850820498874752e-06
-4.905726440856311008e-07 -1.838564233039017960e-06
-4.540891483340864619e-08 -1.239024214889204891e-06
-3.485746494609577454e-09 -1.997334276635563395e-07
1.297660420224252690e-07 -2.113261312372010365e-07
1.917297956696695233e-07 1.446473240227680294e-07
3.710735573386916685e-08 1.730972734082673816e-07
8.117103991072552544e-08 -1.754380820847402651e-07
-3.224235838488341349e-08 -4.279304847912362961e-07
-8.478760991751515673e-08 -7.440140664408823254e-07
-4.509187290410773514e-07 -1.710507918432835848e-06
-3.184020899152617157e-07 -1.111764491892190110e-06
-4.863574584082058890e-07 -1.237220916923396195e-06
-2.846304678677710418e-07 -4.032230787682727288e-07
-1.671326887931504798e-07 -9.938854368169095198e-08
-3.276906917058756048e-07 -3.688810763336269456e-07
-2.597229596447801002e-07 -6.093632509724300693e-07
-4.554280517377609522e-07 -8.704109313729386663e-07
-6.381908721434219604e-07 -1.155302729297997019e-06
-9.325251425132838670e-07 -1.498531970442257989e-06
-7.637675651918336635e-07 -1.434797715691974758e-06
-3.890693094181282429e-07 -1.032281321817587280e-06
-8.624582411231736585e-07 -1.393175691998759284e-06
