7.792117152196444591e-07 1.205807927171707574e-06
4.181341469305303358e-07 7.680234317615950330e-07
3.207307746553294753e-07 2.088537431726712061e-07
-2.566202488423627556e-07 -6.916623664059461986e-07
-5.345927958982184589e-07 -7.343078594797777037e-07
-4.480131250154624340e-07 -4.133410255961124399e-07
-2.209037946418620571e-07 3.312942579174735118e-07
-4.605937586463572867e-07 -3.930636596501133369e-07
-1.146523304453818435e-06 -1.045863431876820583e-06
-1.395499000007123330e-06 -1.466929190575292384e-06
-8.187599346949021568e-07 -1.242383932392800631e-06
-9.735548953169381836e-09 -3.946735110052285265e-07
-9.146426821738047329e-07 -1.083019054653070584e-06
-1.079284007802838253e-06 -1.035004222690016232e-06
-6.679454048287691696e-07 -7.043156734308555610e-07
-6.462866160193381911e-07 -3.562915640504275027e-07
-4.277201799084392182e-07 -4.050455171611276705e-07
3.512378281529755496e-08 -2.072581184117020779e-09
5.414661178337255703e-07 3.837737222446639878e-07
8.320132705273309497e-07 8.276856570342639557e-07
3.675423952496742109e-07 6.265899596529033302e-07
-8.647322599332136563e-08 -1.283909525178333931e-07
-5.858567914793467834e-07 -1.969880358447729423e-07
-9.269852074366342564e-07 -3.980400531998949214e-07
-7.946840123123694601e-07 -2.026080215118089185e-07
2.966113367450339638e-07 6.198587689797249176e-07
-1.242777313576308891e-07 1.799487281512980423e-07
-1.963100296624849969e-07 -1.295772156123000355e-07
-1.251974126335918859e-07 -6.730908642134479201e-08
5.440266304097020407e-07 7.440050896080179604e-07
8.598004201441845402e-07 8.124247206123692859e-07
1.164567993477341265e-06 3.162876566839089096e-07
7.526297657631513586e-07 1.205086528726043560e-06
5.097235779538601532e-07 9.465438502066150467e-07
1.699481986431838651e-07 2.928238419965920272e-07
2.703201252339547664e-07 1.295361251191194671e-07
2.882838097177074121e-07 3.038406800665680328e-07
-7.735741806000561725e-08 -5.520347588668819487e-07
2.425877060345683613e-08 -1.267904153031961407e-07
1.793887246844282413e-07 -3.030367123854650833e-07
1.299846080987167035e-07 -3.200154593813388597e-07
-5.507054473399872068e-07 -2.689078739292236817e-07
-3.577474422156821393e-07 -7.279410551811870254e-07
2.377328773926427108e-07 -3.519775019539923437e-07
3.925093270031884498e-07 -1.664932899865612404e-07
-3.666590871197170419e-07 -2.981458540072804085e-07
-3.855646368534507058e-07 -8.115675853330591071e-07
3.333442128484915629e-07 -1.807390422150647968e-07
4.915347855027961649e-07 1.801019360157137447e-08
4.973038170351856050e-07 -8.743479117994595370e-08
-1.820577052995878144e-07 -5.692802583748176468e-07
-4.005671196986429105e-07 -4.823141188154482448e-07
-2.385050461884686543e-07 -2.081702517191800748e-07
1.008316499107108558e-07 4.563533933825287145e-07
3.704620193380693400e-07 5.239058076315898733e-07
9.359353888753057960e-07 7.617621062324951150e-07
8.846368560119321955e-07 9.543855810951887379e-07
6.930940495471668641e-07 9.277251348456113485e-07
6.181242864192906943e-07 7.259740137039940505e-07
2.665564159880756240e-07 4.399598362663671036e-07
-3.390076828375358800e-07 9.352368368407628780e-08
2.230309185244113333e-07 6.865855841518436038e-07
3.641631026899806801e-07 8.491802015855218206e-07
-1.279494734186040779e-07 2.059856986059755152e-07
