2.011207010458488903e-06 2.294712602589223224e-06
1.479862684006742978e-06 1.496978953577741283e-06
7.614450301478161461e-07 6.015484701103422858e-07
-1.132907949191659544e-07 -6.125862047269269601e-08
-2.870575739206341959e-07 -2.867985806396593612e-07
1.031470668106352715e-08 -1.624008697962085360e-07
4.293411275015961464e-07 4.640159408239322261e-07
5.060812002734924346e-07 2.812470827560900473e-08
-2.086363347687333905e-07 -2.686387431635047766e-07
-8.580265859235764172e-07 -6.398379000340675027e-07
-5.678824006276404001e-07 -5.822398300303621837e-07
-6.072964251406448913e-07 -6.606529235013942629e-07
-6.425379243298200399e-07 -6.332392030212833359e-07
-2.723075443844334395e-07 -4.909229155670119455e-07
2.618621766543908634e-07 -1.921501087054032198e-07
-1.123067126885176814e-07 -5.055844168753620532e-07
-4.165131657973694022e-07 -2.808803443858453070e-07
-2.493094031412039975e-07 -5.513105894204598466e-07
-3.585940613594618811e-07 -2.091235779000679180e-07
-2.119822670807646322e-07 -1.121740265878691591e-07
-4.450050028531938024e-07 -3.868561292218572499e-07
-4.124522460536435085e-08 -6.912107108825215513e-07
-7.139033490860354979e-07 -9.329805031849299558e-07
-4.307343685018273256e-07 -7.115269257871938103e-07
-7.643219980844165734e-07 -8.791283380893929631e-07
-3.965416173275590940e-07 -3.858238248819822128e-07
-5.204336326727452794e-07 -3.308512800877837011e-07
-4.780804119221368296e-07 -6.322210343667773609e-07
-3.013024081956436249e-07 -3.941038353411986389e-07
-2.533890175267379754e-07 -2.425395352330432821e-08
-9.655488566676378206e-08 1.356797548419569061e-07
-1.355888423070259845e-07 -1.601030274048229128e-07
1.904909476793765197e-06 2.222642079376051262e-06
2.033112844052732955e-06 2.382732437874681692e-06
1.123850622224879387e-06 1.323988957681298471e-06
5.529406501576831262e-07 7.705270713503186601e-07
6.512446932896369117e-07 7.154835818504443907e-07
-1.230489227922332910e-07 -1.816468102656780357e-07
-5.227741654244464988e-08 -4.713015480054746341e-08
-2.605804162713900925e-08 1.934172716820383352e-07
3.765423566782315947e-07 4.442293592242583311e-07
2.513709324044353091e-07 1.314049281971700610e-07
1.711386895663293435e-07 1.610563935660109198e-08
1.768309783117519353e-07 1.413215041122509772e-07
1.129598898950384284e-09 7.405413581444700340e-08
-1.482318839520389063e-07 -2.634999465791450793e-07
-6.482380361285221181e-07 -6.995128578539432364e-07
-2.994277366034729327e-07 -3.216140884269357194e-07
-5.043200378489526754e-08 -3.794170603414334435e-08
5.589516734120732633e-08 8.493559281851103445e-08
1.344469538970675021e-07 1.585433582264750841e-07
-1.335329403491699329e-07 -2.456481801923840471e-07
-9.040764324828647972e-08 -3.105180461045283752e-07
2.630405847055524045e-07 1.978188241913984264e-07
1.639076987791860357e-07 2.795259543059064813e-07
9.308252689512534872e-08 1.325415796441401325e-07
-4.229159448059029682e-08 2.167136166270884290e-07
-5.083019745826315393e-08 2.069418866967881864e-07
-3.059141136002748410e-08 1.583951792154721560e-07
-1.531969760733673577e-07 -1.795518960029567127e-07
-7.995612340258335757e-07 -6.659305436915729595e-07
-4.867920028312158143e-07 -3.728456674966703801e-07
-2.377208371648004302e-07 1.295509969581129590e-08
-5.580768784664167693e-07 -3.932263778385053053e-07
