2.793960157054863224e-06 1.028652711041639376e-06
2.481587939832838862e-06 1.530978308157807021e-06
3.939177857395749412e-07 -7.324775093082242997e-07
-1.184688156704263093e-06 -1.959398305362812933e-06
-1.943183016949765863e-06 -2.059729258634627567e-06
1.495833072001590987e-08 -9.627469326005115285e-07
1.280901581696273371e-06 7.421921219564420442e-07
1.370837374193291769e-06 9.195057033037384806e-07
-7.700017650322583859e-07 -2.476370673399438230e-07
-1.568120959852342759e-06 -2.413464626193110025e-06
-1.913802044959467255e-06 -2.252186909260575349e-06
-1.392652805295319338e-06 -1.657711995655753661e-06
-1.942009366783093911e-06 -1.393144149319943623e-06
4.565644283193624192e-07 1.822461461503954303e-06
-5.501667337077169551e-07 3.221836067330349073e-06
7.844872600175084017e-07 3.166191220481834887e-06
7.640222046861268457e-07 8.228188088523871708e-07
-1.530282405269886089e-06 -6.562739815758555888e-07
-1.576536725640734459e-06 -7.567010497711221587e-07
-7.394398586016387379e-07 -2.924204267505996532e-08
-4.889768081298930749e-07 -1.370310084150372045e-08
-1.605126505086086925e-07 5.415845126345816972e-07
1.836527410178294529e-06 2.143685620265670448e-06
-1.710469080657865543e-07 1.521040875107195690e-06
8.303839089853409238e-07 6.446025047418855784e-07
2.820168492541476151e-07 3.852119901375562568e-07
9.358058839421241030e-07 7.576041647404553691e-07
8.187896186992638466e-07 -3.393944147902692936e-07
6.213197862211547693e-07 -8.158935135767025612e-08
3.062420824591885283e-07 7.733798918095132877e-07
-4.666782203542898430e-07 1.628105292120855356e-07
-9.756233515512523541e-07 -4.495530817550964724e-07
2.879039136945940528e-06 2.938896298573504677e-07
3.186376230084197257e-06 1.472026668871275682e-06
2.758603102545591466e-06 1.026094454351176269e-06
5.175355758908684935e-07 -1.138215728125250390e-06
6.118732037193354357e-08 -1.647247748651052043e-06
-1.663745801612134479e-06 -1.895312733260230978e-06
-1.185790975646826462e-06 -1.858004805019208591e-06
-1.167878944210532296e-06 -2.042886512796838355e-06
-1.209037112402395004e-07 -1.515415313276839899e-06
6.349814145395455676e-07 -6.079137946142352529e-07
1.737746130144957986e-06 1.629853390511126324e-06
-3.012807250303007422e-07 1.749469494036987413e-06
-2.449690573035522896e-06 -1.046404697771970838e-06
-2.159478012334060583e-06 -1.919974041269946436e-06
-2.738119248845032290e-06 -1.664700360950659758e-06
-1.589997159664069795e-06 -1.197157998071801340e-06
-1.389551285830764198e-06 -1.343733215275943685e-06
-1.530044283053428277e-06 -6.520073659905097376e-07
-1.800707256676231435e-07 1.505935510205684285e-06
-1.372546614357982267e-06 -8.397988380735965845e-08
1.106337821823982828e-06 1.613786764375071021e-06
-3.650149038469358647e-07 5.331192820102616864e-08
-8.815424706615715408e-07 -8.232214772842010406e-07
-1.394566126632664687e-06 -4.940441052349392625e-07
-1.590624781231945219e-08 -2.642202855593663121e-07
1.114794396315022039e-07 -1.177830956868454020e-07
3.082887326934001983e-07 4.130371274454851255e-07
2.902615023419220249e-06 1.319409595741483318e-06
2.409570539100232101e-06 1.903463091290489859e-06
1.567139161804571890e-06 1.063803089070474801e-06
1.479612463324140226e-06 2.149892710815857450e-06
2.470148925688666365e-07 -6.135300696133194585e-08
