2.494445568026620038e-06 3.682672808188521532e-06
2.208871697777514697e-06 2.508924401026801525e-06
-3.361990182065379637e-07 4.020365364184134175e-07
-1.406531705673653270e-06 -1.132928237412787138e-06
-7.065161974755894370e-07 -8.072786091920236362e-07
-6.298646955272289226e-07 9.173598913405180232e-07
1.070881606188020317e-06 1.011427214479712666e-06
1.877806309172903945e-06 -3.908253615982659549e-07
-1.502836161487724244e-07 -8.936761043395339988e-08
-1.204356877832140434e-06 -7.410946805870700228e-07
-1.423513633931416715e-06 4.138633142246305757e-07
-1.951473690622324194e-07 5.133372556728973312e-07
-7.694912151226900792e-07 2.676505456939489039e-07
-1.307907848663384232e-07 7.514931472210848589e-09
5.458627603282824933e-07 -1.894553565093482628e-06
1.914670395947173770e-06 -2.291793042967072107e-06
5.455012171133468671e-08 -5.052942618676498271e-07
-3.411850010402678118e-07 3.506438215084376797e-07
8.439323985711584230e-08 1.317330428474416505e-06
7.818473467071475579e-07 1.128731394177999154e-06
5.812752752644392793e-07 8.283980771519480680e-07
4.668125410359037564e-07 -3.536283344834774752e-08
-4.016182126281927654e-07 -8.517116154463339828e-07
-8.886776017394761945e-07 -1.543533786172983690e-06
-9.142167173264924153e-08 9.284509662582900869e-08
4.298702418857085225e-07 8.318588134454027671e-07
3.302977515588777723e-07 7.989368967190590761e-07
5.302829338087586580e-07 -7.030876474250907561e-07
6.292201704929206065e-07 1.363578123741692230e-07
1.028874161513206232e-06 6.343435586015477018e-07
1.091155154773013685e-06 1.105006080824475653e-06
7.946433492967412635e-07 1.317864659159074200e-06
2.587645783767244312e-06 4.143269407356514774e-06
2.787379925478577541e-06 4.001775718801850267e-06
6.769502934862401510e-07 1.365686698184580478e-06
-9.818986461509798472e-07 -2.277118836039806218e-07
-2.774666986339435935e-07 6.613082997339070988e-07
-1.111412820702796772e-06 -1.338398110755289638e-06
-9.278169192038749010e-07 -1.882306935929593273e-06
-4.885598891152007653e-07 -1.228227836500832919e-06
-1.855669783704710713e-06 -1.113530165574656859e-06
-1.860462116884423758e-06 -1.082328822262853957e-06
-2.169259413287416674e-06 -1.925279333144532098e-06
-1.672680113716903335e-06 -1.635680638832830671e-06
1.471262222196846401e-08 -2.614556618634999525e-07
-6.455248343671091467e-07 -1.422045584962530257e-07
-4.214200149278588648e-07 -2.897216578955870513e-07
2.097037391540995022e-07 1.215873336694229394e-06
-5.753420438661237612e-08 1.412387130311292842e-07
-3.818492484234731358e-07 -6.446638275582930897e-08
-1.756525664521805502e-06 -9.713183566723845047e-07
-1.082678842659149326e-06 -2.947589238264841032e-06
-1.131317825183030525e-06 -1.997631232059848751e-06
-5.326506955784480922e-07 -5.209391717873614500e-07
1.958609094049385233e-07 5.236399856973715901e-07
1.057404411793595801e-06 1.085727194589081988e-06
1.164093890812604730e-06 7.194538691034344814e-07
2.850986696184786504e-07 6.256225043957491361e-07
3.939576956272918137e-07 -4.611375526881548442e-08
-5.877244783851712815e-08 -1.796432941135945215e-06
-1.279477644266522301e-06 -2.093809865950577080e-06
-1.487859060198805741e-07 7.598816771359908692e-07
1.048484104425593544e-06 -3.649504112227566462e-08
1.803086594235214340e-07 -9.221081007810395313e-07
