-1.954662671142221817e-06 -1.508207807592778078e-06
-1.031770351786987559e-06 -1.568962518168074118e-07
-1.731023185306722659e-06 -1.359851501331073239e-06
-1.301473244384635843e-06 -1.148994795199127914e-06
-1.089728453861176390e-06 -8.712721565268346192e-07
-1.146232919042284111e-06 -6.457979929130225786e-07
-1.261290860085214462e-06 1.053047792842918545e-06
-5.549762255967703147e-07 2.885444951185540815e-07
-5.846537077015724934e-07 -2.734992067173391127e-07
-6.847616528909733199e-07 -5.625251227858806447e-07
-1.917713953512495886e-07 -1.657996083870882300e-07
1.018586256227236429e-07 -1.734595710505594479e-07
-1.442298119439334546e-07 -2.083590197096842082e-07
-4.157342830596961853e-07 1.944455584568547153e-07
-2.611339454566802751e-07 5.965534145619686952e-07
2.944641164255661936e-07 1.031887678695245707e-06
2.441960503441729332e-07 3.760277160951631849e-07
2.268903561666215548e-07 2.952741522336403765e-08
4.873188020657916901e-07 4.690396684048695561e-07
1.081663631050083419e-06 5.722408784188319078e-07
9.324806410915880233e-07 5.089008876071679857e-07
7.267639152639256640e-07 5.327922014375079609e-07
9.184080153632180268e-07 1.061244827391125913e-06
1.106757633753307993e-06 1.491338910518992468e-06
9.526278847520984754e-07 8.426188926351657756e-07
1.067437117581300083e-06 5.121675940913600410e-07
8.995351635943924503e-07 3.576043231610319061e-07
8.025201279584097327e-07 7.343860615907193534e-07
9.626147596918016329e-07 4.495423074869500215e-07
1.428248714189916263e-06 5.875732186038927088e-07
1.289262445197145986e-06 6.949749525444337081e-07
7.630499025986838487e-07 5.696754349231629551e-07
-2.299226839697878913e-06 -1.377543521494675446e-06
-1.789668230170186014e-06 -1.052599859377721538e-06
-2.930872678184128828e-06 -2.864918961605516693e-07
-1.324587397463733080e-06 -1.291271607808965646e-06
-1.430031653847129312e-06 -1.306543783469682744e-06
-1.219121375478949736e-06 -7.626442277546950660e-07
-8.933575627849386534e-07 -6.895905680167477656e-07
-5.118319761613340139e-07 -7.579497425278642604e-07
-5.749445404462929678e-07 -6.410254518691145462e-07
-1.079190616601690094e-06 -1.130367512496717594e-06
-1.786097070945029152e-07 -1.984438117959188261e-07
-7.805301788799355441e-09 -6.929445312390196033e-07
4.078457786402233152e-07 -7.037507335355333489e-07
-1.742969264411746077e-07 3.384117593450161061e-08
-6.896113648591598820e-07 -3.628941073222610546e-07
9.650518591544725477e-08 4.192933907144862735e-07
3.647159722460728113e-08 8.634012758570570875e-08
2.512518378557119874e-07 -3.819933420645713279e-07
6.240458203629709396e-07 1.640984589289914964e-07
1.389765855567549062e-08 -4.627624048741963753e-07
3.347546679092265451e-07 7.091883742584263550e-07
6.300623480661170750e-07 7.131748032198554271e-08
7.228049080769506172e-07 2.123514324078571361e-07
8.647282966274327744e-07 8.629190524571519429e-08
1.214631311512299247e-06 5.707863062710232113e-07
1.156962884703448936e-06 2.843944727611365441e-07
1.444011981127419389e-06 5.553525503816357158e-07
8.050599025585944579e-07 3.991757436137869880e-07
5.231570448013006374e-07 3.647212166287176861e-07
1.233688703848818213e-06 4.849649128448373323e-07
1.811929766748433175e-06 8.563292587513414125e-07
9.986912813845710561e-07 9.208990993789940477e-07
