-4.715660828066434072e-07 -1.648331108409777533e-06
-5.580396694250111723e-07 -9.365479886164144226e-07
-9.007826169047691053e-07 -1.022371344380215693e-06
-5.089468990326451680e-07 -7.414118662960262217e-08
-5.269904045180228172e-07 -4.744852267149557906e-07
-7.748392456754573540e-07 -7.166610517522177870e-07
-8.434945711766720699e-07 7.659704704740654744e-08
-1.031572001249322108e-07 4.351484107513532486e-07
-1.385235270571765321e-07 5.520473712263311897e-07
-2.176299989039275580e-07 5.651757889278623400e-08
-2.765306733146208671e-07 -1.419589912012854962e-09
1.539924445034333334e-07 1.700653859246993319e-07
1.929580749220967988e-07 5.194605028642494630e-07
-9.086246610226101280e-07 -4.311853494261235896e-07
-7.455162020796416459e-07 -6.322284924705757975e-07
-7.343409549559108961e-07 -1.534299665848675950e-07
-5.899661713761673999e-07 -1.219021958393440797e-08
-7.016800564028526932e-08 2.909450210716547380e-07
3.993454073734411572e-07 8.677367820716494448e-07
1.075840621608800491e-06 1.495960424908335011e-06
6.946967721098367048e-07 1.162612176864284267e-06
3.078002705683560537e-07 4.319528621129650841e-07
-6.441070575926884152e-09 1.466877008739476508e-07
3.853773261639440361e-08 3.341132891354263655e-07
3.961842814307030282e-07 6.054004437941158082e-07
8.813113991344712327e-07 9.774945469473138925e-07
4.629493490413227345e-07 3.303149254215545032e-07
-2.440892292674351084e-07 7.122582353765955631e-07
6.435237546177953850e-07 7.026778854416262436e-07
1.308726397587574897e-06 1.460945135464049962e-06
1.383051839362490966e-06 1.865932982824494033e-06
1.237351200093782652e-06 1.496702758927035263e-06
-5.406764791453065772e-07 -2.389726885170809886e-06
-8.401412455274094263e-07 -2.959949674300169644e-06
-2.335009220541741599e-06 -3.401586619682713663e-06
-1.312546904205258347e-06 -2.153840298890227278e-06
-7.620048868909594504e-07 -1.685388842603038292e-06
-5.150304291327628800e-07 -6.644249945106603617e-07
-1.026524616979724019e-06 -1.297882548262639404e-06
-1.514307152543031291e-06 -1.422619118797110354e-06
-1.693054351713754474e-06 -2.498546826475644698e-06
-2.783052281361720859e-06 -3.292823258922551791e-06
-1.343897620631516007e-06 -1.938651613943576373e-06
1.516154521388160705e-07 -7.081232924850300655e-07
7.324066100272723597e-07 3.686979215507180997e-07
-1.426566155762081760e-07 -3.196334233676729017e-07
-1.619585715474872432e-07 -5.807690482108296433e-07
9.085100710829491622e-07 1.079878712309156536e-06
1.365880824846342427e-06 7.829391853027887650e-07
7.341065835016714027e-07 3.378932441856881826e-07
-1.136487255159821329e-07 2.014666363523129682e-09
-5.785188091541085283e-07 3.280388715724842627e-07
1.126928007344458551e-08 -5.382026577105908602e-07
1.126540469003319822e-06 1.868721928636957473e-06
1.449560392769185071e-06 1.783770221330837356e-06
1.096909734529665989e-06 1.309013543313806418e-06
1.753186252531823295e-06 2.151674650564848821e-06
6.261959753893212702e-07 1.667000831102041459e-06
1.223931361863135880e-06 9.826074433315461898e-07
6.377920883857657499e-07 6.940591192461609990e-07
-5.563279648135955330e-08 4.593211591569012946e-07
9.294905395271889026e-07 8.958740442830425640e-07
1.265504910622311738e-06 1.451314678570755648e-06
1.149137799543447804e-06 1.100768939050781523e-06
