7.526780986678578357e-06 7.051748798076239694e-07
2.872488382548260308e-06 -1.817646577878352041e-07
4.511792650266354554e-06 9.491199554298461526e-07
2.713275270242275353e-06 5.058703551702823489e-07
1.648083431054268637e-06 -5.609572013872688364e-07
1.526499769297041987e-06 -1.290559674099975318e-06
-1.954645178958194032e-07 -1.919860161206248965e-06
-1.990240162491461028e-06 -2.315652902278456739e-06
-7.217450593368595876e-07 -1.883311768823007654e-06
4.020194592168264508e-07 -1.091539079564016409e-06
6.300540973156548145e-07 8.306761544998296382e-08
-9.907518943489010130e-07 -8.574545454656334016e-07
-7.799540974686821547e-07 -6.378867174873083832e-07
-1.916003448182896190e-06 -1.769621929553565250e-06
-2.924211196097437007e-06 -1.889047389911971677e-06
-3.833944630989386309e-06 -1.611377958498587758e-06
-2.566135093598286491e-06 -1.522784049015147601e-06
-7.926366857116471462e-07 -9.404409401015374303e-07
-6.047833685532926494e-07 1.311087895934542737e-07
-1.127975588255752496e-06 -2.582046654835090684e-07
-1.760448449478924502e-06 -9.906775918295241648e-07
-3.025796779950186491e-06 -1.572540378404208271e-06
-4.459163865401472559e-06 -1.621975170672803589e-06
-5.290770737135599242e-06 -1.190205730153707559e-06
-3.905822286585124111e-06 -1.712697883337288705e-06
-2.494787166508009338e-06 -1.137660181490629229e-06
-4.001306920095330837e-06 -1.502916438890614232e-06
-6.078643015517286825e-06 -2.441727084279156488e-06
-3.785068012607159979e-06 -1.681935884380201839e-06
-1.975723267776121260e-06 -4.877238059201465691e-07
-1.016051907813070981e-06 1.434470430028619633e-07
-9.091338298236229766e-07 1.282442545275593454e-07
8.740786553598604169e-06 3.132324976274383648e-06
5.731563970003833520e-06 5.241485670042929776e-06
6.078405383114598316e-06 3.985120791996923795e-06
6.151110544170146462e-06 3.874782960460708594e-06
5.497497484717109176e-06 1.703790751465302419e-06
3.150693253518029839e-06 1.053846082839819461e-06
3.360507611831155768e-06 1.229123903445056317e-06
4.055711761373880952e-06 5.779742158722099132e-07
3.990820954055714827e-06 1.889725622311259907e-06
3.988919795723787070e-06 3.445872808445674802e-06
2.378865826312738665e-06 2.358804608803695736e-06
1.927408977946447742e-06 1.013421901674870581e-06
1.835895892968232770e-06 9.072937146924745735e-07
1.887742865261986131e-06 5.801522929573203622e-07
1.724616762763241272e-06 2.707029405445393561e-07
-6.438507402885621246e-07 -2.013062752940025761e-07
9.128427207278441159e-07 4.489354612151436630e-07
9.592197291296097577e-07 4.004890757446141581e-07
2.760722051794179510e-07 1.328644660824074418e-06
-1.197127481190018284e-06 7.591781351192798781e-07
-1.367499504103569190e-06 3.413214860599574710e-07
-9.426921126578003516e-07 -4.978710402222397514e-09
-6.096962301589978742e-07 -3.054351262814760518e-09
-2.036181894742951075e-07 2.262023546283786081e-07
-1.139481740971169539e-06 2.298932151248369516e-07
-1.806648593460197420e-06 2.710558405120637534e-08
-2.233736383843454072e-06 5.872984059118008013e-08
-3.427239414181717811e-06 -9.508005241623527759e-07
-4.114389095242910293e-06 -8.844000374851321716e-07
-3.535112129199926559e-06 -9.736028468755269605e-07
-2.080775279260455275e-06 -1.827020327398040031e-07
-4.031247463360095257e-06 -1.459587379923180816e-06
