-3.641307493716679816e-07 -2.939192476332751790e-06
-2.409853817961156421e-07 -1.539856721868754779e-06
-2.717668641199777276e-07 -1.919780361124120861e-06
-1.201372144418959713e-07 -1.282636295234552803e-06
-1.510960917983115900e-07 -8.800279492748419660e-07
-1.599230630429582940e-07 -4.737483320467771312e-07
-5.004286847096051396e-08 -4.530697705541984961e-08
5.760420397908010239e-08 9.403054470959375805e-07
-1.010235665236226779e-08 5.169924344087682147e-07
-1.182969022088517547e-07 -3.161996543952281686e-07
-7.234287057080473617e-08 -5.223656529426023929e-07
1.879261402291620935e-08 -4.673901925902044712e-08
-4.007628851869426396e-08 3.005605206000839521e-07
7.426493627387484518e-08 8.886828238843105603e-07
1.035868290865196392e-07 1.508094334310945370e-06
1.396841116976181362e-07 1.515315974638827854e-06
9.051435688728345666e-08 9.847529977432063412e-07
6.768934696815154093e-08 7.805283878095694614e-07
-5.660059050914497986e-08 4.878626150154992592e-07
8.741423313969099541e-08 1.197086273772850239e-06
7.059595955705423778e-08 1.446332685102360445e-06
1.560494492338858980e-07 1.594327450896814951e-06
1.686318806468037675e-07 1.661600645185864029e-06
1.612045301086331755e-07 1.490011237797716492e-06
3.128676122661089941e-07 1.806200670253614008e-06
5.947884068131464503e-08 1.510905269647502225e-06
3.429019697803588305e-07 1.690675596580174961e-06
3.312926779211148925e-07 1.398869692346196791e-06
-3.463034087229180021e-07 1.532890094901271042e-06
1.693506956239546421e-07 1.605616767027564013e-06
9.241355012864584701e-08 1.119465889800474797e-06
2.596304792413917308e-07 5.311045502949754906e-07
-4.002402792636321183e-07 -3.365388798039397430e-06
-3.541203527012861621e-07 -3.836897881757325272e-06
-1.902680520825287727e-07 -3.151309647613600153e-06
-1.881974485100532620e-07 -2.454508093242555499e-06
-2.462108870330490755e-07 -2.370540911682206972e-06
-2.054372710282246918e-07 -1.353149161708838401e-06
-8.672152080859977335e-08 -1.456822438214667419e-06
-1.485848701101469286e-07 -1.922063298820203860e-06
-1.320002111351674682e-07 -1.919056471370980675e-06
-1.205527362407334103e-07 -1.754523762106143927e-06
-7.405889635287102893e-09 -6.171226047697715047e-07
1.703991179937032768e-08 -1.205244369282479801e-06
-5.429381475126913262e-08 -1.257093829752915896e-06
-7.845540684552558641e-08 -8.476094278860391755e-07
-5.984683203115445996e-08 -6.721487900675294353e-07
-7.395618995259837362e-08 2.721827613189858873e-09
9.574530659895905592e-09 7.190709687758403677e-08
3.533966592832322849e-08 -3.875391572441824469e-08
4.611027509193663079e-08 -2.004847859974681155e-07
5.910155971562868005e-08 1.852193828203708863e-07
1.050318328734594982e-07 8.057093232589878532e-07
7.698808530108804357e-08 2.992757823865087729e-07
4.793279206968552267e-08 6.789007115306635038e-07
7.242894052012862177e-09 7.055097331819307194e-07
1.336580438331308489e-07 1.163211970853134282e-06
1.319897793181533026e-07 1.076403499394494654e-06
9.557724677898103828e-08 1.045571300269714629e-06
1.605470999329046214e-07 1.109749913313997916e-06
1.408947744672074847e-07 8.081585457534646268e-07
1.997683318063781208e-07 1.172686906738027590e-06
1.425438736968911411e-07 1.301106406862911713e-06
1.747874377844715296e-07 1.454256867601073549e-06
