-1.738254764677370621e-07 -3.829832989582105261e-07
4.025251627439534497e-08 4.979870141239874607e-07
-3.857844896200883452e-07 -4.392599372746135479e-07
-3.441184756163369734e-07 -3.412040734048829293e-07
-3.677655838079880985e-07 -1.211026006099993539e-08
-4.020826189529505844e-07 2.614786410760206542e-07
-1.881852862220206158e-07 1.091072437397337532e-06
-2.043718108746930440e-07 8.993736787675477333e-07
-6.217676543011270965e-07 3.196093034368049390e-07
-5.811042014006408943e-07 -2.479136934902580414e-08
4.985545941142414804e-08 6.342823750669578737e-08
2.019424720198695542e-07 4.064977885024459319e-07
-2.945772343236306492e-07 3.868563516297786406e-07
-3.761664591695465408e-07 4.027076626659473882e-07
-3.271621801084406977e-07 7.067489070611780180e-07
-1.708546042771434064e-07 8.666583646461902660e-07
5.061864338371301920e-08 8.165926058181956131e-07
1.735258082201074206e-08 7.398467490044763146e-07
5.762382994394778573e-07 8.620774847317579368e-07
7.721694946450150361e-07 9.990694261044954315e-07
4.925476005250138138e-07 9.196236836130861445e-07
3.520514834876432325e-07 8.478142616990022049e-07
-6.034159542944997769e-07 2.667459362066641852e-07
-2.195833700359765403e-07 5.858648589967464176e-07
5.965192642883608534e-08 7.452308387899031484e-07
4.482768717782422449e-07 8.436378102684879501e-07
1.630986289641480345e-08 6.916288344962491402e-07
7.746114610418619879e-09 8.712298160533417619e-07
3.828217524478430866e-07 7.516940884628075619e-07
6.572577708663507589e-07 8.817247980411142622e-07
9.858937023585204374e-07 9.965779406713614235e-07
7.816342427035215057e-07 6.914010892814939203e-07
-4.814285983147354602e-07 -1.365970147916249461e-06
-6.641711540912856951e-07 -2.459323211041261016e-06
-9.945628297630082568e-07 -2.982186481197838512e-06
-5.763937121032257418e-07 -1.549221125865520927e-06
-4.528543997454612077e-07 -8.925101028337017493e-07
-2.737562471040826433e-07 -7.066509739599212374e-07
-1.531925947737992962e-07 -9.649672500467027179e-07
-3.480168601273898448e-07 -1.397907635797426091e-06
-6.301076300899409770e-07 -2.025083609507625192e-06
-1.122882488025737817e-06 -2.916063472948208461e-06
-8.125800429863582017e-07 -1.998749120740324489e-06
-5.272715961335376046e-07 -1.544520166883557520e-06
-3.916710829161585849e-08 -7.809729194374109228e-07
2.360308356626791791e-07 -1.270953208769204886e-07
1.844589453305660260e-07 -8.060582538115124835e-08
6.282572476566505479e-07 3.709494580518574372e-07
5.164140741550855502e-07 3.783560156719935405e-07
4.928193103230840155e-07 -1.268537952593997138e-08
-1.215946785583943419e-07 -7.813531574108563577e-07
-7.223523262740290551e-07 -1.252301601138660400e-06
-1.373036654727198224e-07 -1.973896311381239232e-07
6.579575697594057141e-07 2.753681053772035360e-07
7.897399475282369528e-07 4.604650731053066442e-07
9.006433827237061507e-07 8.060149009955840397e-07
8.788858165044539329e-07 1.287566101444710005e-06
8.674529502779801819e-07 9.224507224005394642e-07
6.350686898885326820e-07 6.107709098700631091e-07
2.783489715490102551e-07 1.403201413607753242e-07
-3.645937220062429633e-07 -2.138079335083576491e-07
-1.490032488409702036e-07 3.285515923117554179e-07
5.889401264593651963e-07 8.383051120394088405e-07
2.843596402578682266e-07 6.174172645211431159e-07
