-1.161249151689869468e-06 -9.632376298629332016e-07
-1.037841272442764069e-06 -1.214249119086280620e-06
-8.200335466862636755e-07 -7.064111646667922483e-07
8.974603817294935168e-08 -4.891520433924744189e-07
-5.418218634862238567e-07 -1.185838542702724356e-06
-9.836844835408969636e-07 -6.408934792398574273e-07
-2.813130454524059229e-06 4.362039775438484909e-07
-1.141116970848051409e-06 -1.367386847258416003e-07
-4.637318293372850799e-07 -9.280541782131206533e-07
-2.471014050638911099e-07 -6.548790323866378577e-07
2.772762000652790674e-07 -4.639435267855117693e-07
3.225053005300829507e-07 5.963881096459449745e-08
-7.782686581414105582e-09 -8.884368405679694247e-07
-2.281332842551104881e-07 -1.058923923506072327e-06
3.687179281883359330e-08 2.010192917606603674e-07
3.807415222958531192e-07 4.878951194431326951e-07
8.620358860550577378e-08 -2.335992654996187919e-07
4.220655933923030662e-09 -3.412143095452934309e-07
3.155719334466897964e-07 -6.731180751546151840e-08
7.468663258771312308e-07 4.248290891045961320e-07
1.033127936611459656e-07 2.266173732581952829e-07
6.181297479497649931e-07 4.740534470254518016e-07
6.581125315562031568e-07 8.507591920939320991e-07
5.941424887378289308e-07 4.301229408179646429e-07
8.704091108558640839e-07 8.277755265195586689e-07
5.547211725302383864e-07 5.820755006715812589e-07
6.408561654149987047e-07 7.253844674815760878e-07
-7.362162484061721035e-08 8.888705989953874228e-07
6.643527278951014141e-07 9.650301140830704762e-07
7.487811242788062545e-07 8.976214405848082187e-07
8.054876804549533041e-07 4.163126696220024394e-07
7.313225076522087007e-07 4.811637000743081657e-07
-9.429316424793636993e-07 -9.147468770790497824e-07
-6.531325218211931076e-07 -7.755612837112475172e-07
-7.094206734163978650e-07 -6.656950244276415115e-07
-4.267006004849600669e-07 -5.915775018062906574e-07
-6.148498708396981530e-07 -6.384965646981892835e-07
7.308557220712020799e-08 -5.730198971425286745e-07
-5.412583274218068800e-08 -4.208959906530819131e-07
-6.767387146392119882e-09 -3.733310547042612893e-07
-5.819226500435513536e-07 -6.685947858806514468e-07
-1.830403642139758062e-06 -9.217528644013749446e-07
-1.072886913201048557e-06 -4.290714786272106702e-07
-8.549005217936664266e-07 -6.521806938032387299e-07
6.396656459020492075e-08 -5.482308904737882286e-07
5.288680366351163347e-07 1.965732195338685047e-07
4.504392359238127581e-07 7.395588421929726022e-09
8.816993214266785924e-07 4.022880356640185651e-07
4.563108314471388838e-07 3.272874116521978925e-07
3.319031986202606886e-07 5.302019526114608124e-08
-6.282249005743958950e-07 -3.846736964006543957e-07
-6.161109140346895026e-07 1.554370517533319827e-09
-6.097775882280796455e-08 5.303336302149148612e-07
7.572788881643837420e-08 1.776740924671484340e-07
-4.398153616061908653e-08 -8.501142588702865107e-08
1.699128898850094304e-06 -8.965503648864605986e-07
6.521220744076992962e-07 4.536697414939188069e-07
4.563655956800295077e-07 1.023071359038087440e-06
4.622018880143191077e-07 9.203852040630317629e-07
5.299409664033803328e-07 5.803640686813079632e-07
2.809909690593096685e-07 1.287197467392762780e-06
8.599942247818715859e-07 1.554324436500924706e-06
7.713818200210440576e-07 1.226595004449665990e-06
7.928274433792589773e-07 1.395166856882133829e-06
