-1.718943818550197760e-06 -7.017705178733095895e-07
-2.659336411941178270e-06 -1.558114272261642607e-06
-1.134812349426965307e-06 -4.375672962473777771e-07
-7.446428506275669668e-07 2.364687235814250664e-07
-1.324389830766130006e-06 -6.973171249771185166e-07
-1.719494003203706516e-06 -1.181231134987539283e-06
-2.678039450308705586e-06 -2.037969986232554146e-06
-2.000718420196401183e-06 -1.889658720298554190e-06
-1.450211996529224705e-06 -7.977744673199180251e-07
-9.877228493425041957e-07 -6.592327625500303946e-07
3.416148229080242113e-07 4.604625157495305607e-07
3.058434917842695020e-07 7.603600761669443954e-08
-7.382227903567636714e-07 -7.649792282348239138e-07
-1.746414857815711703e-06 -1.226158894264077954e-06
-1.156921443654599191e-06 -8.400061990936197377e-07
-1.150824622593815427e-06 -1.168750767259708940e-06
-1.023543784158789912e-06 -9.958905813948190992e-07
-8.190243118230330154e-07 -3.382541798042174634e-07
4.080739011328695487e-07 2.491712736363540017e-07
4.368541944821763286e-07 2.544565376822476121e-07
-7.733321302571335281e-08 -4.584399035348555000e-07
-3.013991483130233206e-07 -2.857066256684770999e-07
-1.220931446414933455e-06 -6.014727228600561047e-07
-1.135058546822810896e-06 -1.239756780786098136e-06
-7.299180269580396326e-07 -4.658571948398879095e-07
-8.351083567172544604e-08 -1.642021353052569796e-07
-5.204585559665534675e-07 -3.678081858353043366e-07
-8.029973542922888496e-07 -1.251106717923209042e-06
-5.161731670746377866e-07 -1.329957856644179340e-06
1.810851094270231188e-07 -2.954253914155499722e-07
6.777321925693412209e-07 4.601642656235487292e-07
1.130671141697542070e-06 9.479008676523092109e-07
-5.880130339811060601e-07 2.962510348918984440e-07
3.649046059643446487e-07 9.562877914100974892e-07
1.629250558704260482e-06 1.528952537299573088e-06
2.866161106282332518e-07 6.344644027730792006e-07
-2.315128058767516249e-07 1.514718123665892696e-07
6.444267437898464160e-08 1.819328890102836546e-07
4.300299457917740057e-07 7.978467562733898354e-07
6.974870388569956259e-07 5.599646499373054000e-07
1.124450839368887785e-06 9.470852240701516710e-07
1.959667485504996550e-06 1.072936292874311716e-06
1.087511292143289444e-06 7.883027547713780513e-08
1.356153954578132042e-06 7.296834367221172166e-07
1.373538274249904989e-06 1.181276754641546756e-06
1.032631464849595083e-06 9.933483349644137964e-07
6.110428945654649154e-07 5.393324544074067084e-07
1.172702792807165835e-06 8.809790588777145607e-07
1.413639639365787167e-06 1.214907174947821593e-06
1.172409017561349045e-06 6.397876801677847217e-07
1.055171377066201882e-06 6.933524507983955659e-07
1.769658198520897264e-06 -2.211138368210158451e-07
3.853401569821299030e-07 2.073159592180326981e-07
1.113796072517565268e-06 6.584177629509342142e-07
1.604435601983133688e-06 1.288554816230245612e-06
1.209715128166955135e-06 1.346332299546854941e-06
8.597529442548882988e-07 8.465641162600858406e-07
1.120281490958252690e-06 1.117190359604472932e-06
1.260028146431916961e-06 9.498044465962688724e-07
5.904992442296892998e-07 5.165643283877489634e-07
-8.011088537553080404e-07 -1.365298710948437252e-06
-7.441734905953706508e-08 -1.117714410343820603e-07
7.002612324511177510e-07 -3.078675366819316397e-08
-7.911969083754532280e-07 -2.107149021635521158e-07
