-2.422231920156099737e-06 -2.209420370325010737e-06
-2.051971097091481338e-06 -1.868581502877818376e-06
-1.393242649242302114e-06 -9.206613556153899024e-07
-7.607978667268689073e-07 -1.787278642085396642e-08
-1.078707639741615476e-06 -1.025567027551521264e-06
-8.197087919929060839e-07 -4.273401334473904345e-07
-1.218494390522761885e-06 -6.912156079555790721e-07
-3.504017664043382330e-07 4.633806039309677460e-07
-3.729017654936101515e-07 -2.968429453243355782e-07
-5.467057705884030420e-07 1.238045239948493875e-07
-2.281981641296674058e-07 -6.968039881907678140e-07
-2.378596030702691415e-07 3.148973540763298225e-07
-4.092962836928085320e-07 -6.492361901216848114e-07
-2.380436079435467808e-07 4.931999390953380974e-09
2.468025964727321651e-07 1.447098627601648009e-07
2.924963849541256694e-07 8.992567580747844984e-07
2.434364262086108943e-07 2.280565273135080101e-07
8.207506656499736612e-08 -1.799369534212507863e-07
2.012042448857044925e-07 -7.035552991617389049e-07
3.656893375344294208e-07 -5.618399409795004310e-07
2.352297316572007932e-07 -4.062896697295913899e-07
4.218001246127214572e-07 -4.522595236872304588e-07
4.979260180586968095e-07 7.485593910975599730e-07
6.682580929502397201e-07 1.645541066481326319e-06
5.747195116776144202e-07 5.986400512887474888e-07
4.268619502042977608e-07 -5.905747706245746383e-08
4.992980667813406749e-07 9.826137389361458849e-07
4.353709068949348486e-07 1.180075691430165632e-06
2.413456711786743942e-07 6.838015683898435181e-07
4.761677812123861056e-07 1.244049648162747818e-07
3.703596038544562694e-07 -4.804011715156130952e-07
4.847641646868771470e-07 -4.914413477470009250e-07
-1.875406606839073914e-06 -2.565645710721365925e-06
-1.299914647814747777e-06 -3.258667591113454656e-06
-3.783617019882115657e-07 -2.543757361579176477e-06
-9.262045624855714312e-07 -3.812352121296646376e-07
-1.316626382349358960e-06 -1.183835990388275142e-06
-5.139365274636395869e-07 -1.242665772847554625e-06
-1.890576734249832199e-07 2.619168770873467845e-08
1.121066536085319194e-07 1.137020778674729786e-06
2.528015461376008567e-07 9.630993219493379176e-07
3.815613556891443931e-07 -1.632517656880546365e-07
1.760588148875327576e-07 4.517080514161996809e-07
6.435250232890114443e-07 1.025833529964219914e-06
4.141091096686271002e-07 1.581961272639319049e-06
9.306841580676255902e-08 5.795740333480563858e-07
-2.665266843678061970e-08 -3.549974804691949553e-07
-1.559989056918809353e-08 -5.329649552572395159e-07
7.984363130892025889e-07 1.727347903760370183e-07
3.020797987223474980e-07 1.877149145633580293e-07
8.593647127687059911e-07 7.809000044372789847e-07
9.045647597078361582e-07 1.154780585355870225e-06
6.285574391045759442e-07 9.278899576561177912e-07
9.053611680491730192e-07 1.318929438176142452e-06
3.868559873814668059e-07 -7.052397501861878213e-07
4.682785308921186280e-07 -2.743505480501319040e-07
4.959955992713642806e-07 -2.605996563171902943e-07
5.981183102838460038e-07 1.230473352364483746e-07
5.859717834847483875e-07 1.046361521972451123e-06
7.913200427095076338e-07 1.622942786952279485e-06
6.316945128876733990e-07 1.132136196273049266e-06
6.241975379654107283e-07 6.013619758238531467e-07
5.463928016361913131e-07 8.583174820859170900e-07
3.060960807367867809e-07 1.770355319291218231e-06
