-3.227677502493180644e-06 -3.000643753410284459e-06
-1.619002721243620336e-07 -7.694919830854055219e-08
-3.016138185585016157e-06 -2.857162469283249994e-06
-2.440620574485333220e-06 -2.400854466125598002e-06
-1.273403545279429184e-06 -1.044755095648712029e-06
8.200976696579158015e-07 9.957015739528749459e-07
3.170651069067458385e-06 3.152902997108036182e-06
3.367872249140358442e-06 3.387811429284904027e-06
2.110273618282911286e-06 1.988243080364935116e-06
-1.379273063683345401e-07 1.155902477602756910e-07
-1.480473568229330882e-06 -1.851197092273888308e-06
-3.806626433766691732e-07 -1.128929025819003510e-07
1.011092857459124651e-06 1.192355810910264392e-06
1.974020412154055814e-06 2.263362578858260575e-06
3.961316999897267107e-06 4.186679525647229128e-06
3.837833417251680074e-06 3.763790791907311643e-06
2.749696846947961905e-06 2.952453046807893496e-06
1.858184653636124044e-06 1.825509603565293201e-06
9.857876369622029474e-07 1.070230733528621755e-06
2.566016173885672670e-06 2.256257439032848132e-06
2.895166295251794583e-06 2.556381899859200025e-06
3.619583861396201189e-06 3.437339927702544155e-06
4.093807369383819037e-06 3.831813575854338715e-06
4.977454900544458034e-06 4.309462680752502513e-06
4.309825839982385464e-06 4.038306871013891327e-06
3.825292305328338737e-06 3.400058919890882165e-06
4.536727301236796475e-06 3.949056994754784787e-06
3.872520562102817548e-06 3.735242337495134368e-06
3.942972482728781331e-06 3.607042443070743192e-06
3.444198732315988655e-06 3.180986731865235637e-06
2.326031605521147638e-06 2.259749740363746181e-06
7.224434055407477056e-07 7.743083620192997421e-07
-5.734159241247594443e-06 -5.419098472742934175e-06
-7.407507784514570911e-06 -6.995619147525803842e-06
-7.873196383224727549e-06 -7.970317701913361022e-06
-5.528787116580481596e-06 -5.214596070162451125e-06
-4.267799818002204835e-06 -4.232902719510532137e-06
-3.391346865731153864e-06 -3.275855125335775723e-06
-3.932271964423826458e-06 -3.961385515461122157e-06
-4.321487968688969420e-06 -4.279707275724960359e-06
-5.799046905180944958e-06 -5.852644638830496341e-06
-7.101213466894439070e-06 -7.037727671735698597e-06
-5.355811977657574724e-06 -5.120254416498250771e-06
-4.235852416370209029e-06 -4.067440129970745917e-06
-3.065502386694623444e-06 -3.053520738451289115e-06
-2.841599786498189097e-06 -2.833952137207383535e-06
-2.515757059708344744e-06 -2.576263626610372987e-06
-8.391224743983317889e-07 -1.039988001119490288e-06
-1.137436083634352111e-06 -9.587333307607988709e-07
-1.300206346984189605e-06 -1.150622322412049469e-06
-2.182375490854983923e-06 -1.875719718306241003e-06
-2.174388864750112194e-06 -2.058433746120308192e-06
4.227986230713732016e-07 5.458082361848983409e-07
2.445792100370883203e-07 4.481849459117133609e-07
-7.271589147084888890e-08 2.517458336617946630e-07
-9.876609388578305583e-08 5.942130394639880629e-08
2.004332670197510030e-06 2.087790607000747150e-06
2.063259575638913783e-06 2.364665789354049061e-06
2.168266566548477666e-06 2.103163064382133294e-06
1.872827077686717093e-06 2.190580183484072177e-06
2.860119404306797477e-06 2.528332807678319337e-06
3.592469680800178087e-06 3.313704380203260312e-06
3.153229601390731066e-06 3.017382331465694978e-06
3.934405309984254469e-06 3.177818657388042425e-06
