-9.318443509258801359e-06 -5.168375834530376182e-06
-1.219025053949125987e-05 -4.297439741853570122e-06
-3.589237463841482690e-06 -4.560340164303970257e-06
-1.665891018577208521e-06 -2.406047498259136236e-06
-3.081048152469839002e-06 -2.726558834641100428e-06
-5.340975052673626572e-06 -4.166462336421411177e-06
-8.920869794471611761e-06 -6.133654161855549316e-06
-5.062242110050458676e-06 -4.041475930062560909e-06
-4.226642580432930599e-06 -2.181556165390581841e-06
-2.162038892622387799e-06 -1.960350027305964811e-06
-9.893473729298396271e-07 -3.000205500006053034e-09
2.835530414249297890e-07 1.537232628739335526e-07
-1.985106298808394306e-06 -1.202165949087073445e-06
-2.882815053897414920e-06 -1.702063069722994870e-06
-2.922615350712163036e-06 -1.193475487860586538e-06
-1.307478853795477255e-06 -7.270776184242414393e-07
-1.612570045656000863e-06 -6.540182468271833846e-07
-1.248446223252887876e-06 -3.402949656499201181e-08
1.821442731518839170e-07 3.148398265810592910e-07
8.063018482268349407e-07 1.058554132254828558e-06
-1.577903625990447572e-07 5.369796084112317850e-07
-4.935529538647712340e-07 -6.845163619444018454e-08
-2.232783534660180253e-08 3.926417885888308632e-07
-1.127674629809651896e-07 1.064546886600906527e-06
8.447705684069438596e-07 1.021362037058185141e-06
8.562067542819915547e-07 1.205116082740632913e-06
1.398976678405971421e-06 1.255529675981176767e-06
1.874939622594667089e-06 -3.279443851093438887e-07
1.578387172322790121e-06 1.714469449799599829e-06
1.982734737942745339e-06 2.054026016747468119e-06
1.645482711590007392e-06 1.680138966720471736e-06
1.286275829610986211e-06 1.160833199078095812e-06
-5.933083385920489521e-06 -4.619296062664222359e-06
-1.181911477936962526e-06 -3.387850182786522307e-06
3.547622597877841068e-06 7.584903567478739554e-09
-7.977198630584547545e-07 -2.265531214837099469e-06
-2.572305817868204698e-06 -3.314898076446891644e-06
-2.788291753221701340e-07 -1.136043892106212621e-06
2.298755146387932030e-07 -1.103989153014394133e-06
2.629005773015224385e-06 -5.339305869969307521e-07
3.804331894307957054e-06 1.358644052068937606e-06
5.812876120321136081e-06 2.818582266815967000e-06
4.682561323589301419e-06 3.442019913202574238e-06
3.477198029527908075e-06 2.051170171421909071e-06
1.909478675830682175e-06 1.087696751146333146e-06
1.332680766807553025e-06 4.704184768039120652e-07
1.071847133235723163e-06 4.384230104289745862e-07
1.256444932027195783e-06 8.178010143607582174e-07
1.449752717546592033e-06 2.045221630859113149e-06
1.910959610554054648e-06 1.264211086553869006e-06
2.411546961297800802e-06 1.807497011225084939e-06
3.902988566946910808e-06 3.016792675259999164e-06
3.651130242641564654e-06 2.773309811623425036e-06
2.012670110763870840e-06 2.387217937209172184e-06
1.130653968577509099e-06 2.162504879702351314e-06
1.827664545187416752e-06 1.921267380524315482e-06
1.987707640816014407e-06 2.144050058525204721e-06
2.117693587187983922e-06 2.070387537979753810e-06
2.419761211762614370e-06 2.452128251611201912e-06
3.106505776929041002e-06 2.259596175147332625e-06
3.041489466776743746e-06 1.467483573446364922e-06
2.375258533035461221e-06 2.034283813370674948e-06
2.260334641662978582e-06 2.363556448419986149e-06
1.956493067013835621e-06 1.641416194056153786e-06
