3.782882219188058472e-06 1.165762916604639720e-06
2.024519590482206084e-06 1.104820083361585765e-07
2.198428455654350296e-06 5.577604887003846604e-07
9.494637061709445134e-07 -5.706948241292612109e-08
4.478416829757675347e-07 -3.184923338698276968e-07
2.293856382043001883e-07 -8.286449941942231173e-07
-1.122265610472655621e-07 -2.286824851293786926e-07
-1.164581349862327649e-06 -9.607595446615970752e-07
-9.197082441646444685e-07 -8.087695678487942725e-07
-3.433955729157206447e-07 -5.907862427005674888e-07
3.138174803127173687e-07 -4.913186833978985663e-07
-1.304147629038534298e-07 2.485549402200200492e-07
-6.909570983612686006e-07 -5.816155826248552033e-07
-1.243883234210855111e-06 -9.568343631319496511e-07
-2.004275033792808842e-06 -1.132753756464885293e-06
-2.287332830692828882e-06 -1.247054092653113443e-06
-1.442134941673452537e-06 -8.409836096486906729e-07
-6.532724323202400825e-07 -3.054541992033766975e-07
1.890964760495615331e-07 6.227469174483993646e-07
-1.171227258332011815e-07 3.789238981775681351e-07
-7.292815796262634842e-07 -2.532964510778778125e-07
-1.727509231910877108e-06 -8.685125523243215362e-07
-2.269609001219835736e-06 -1.258588580675845451e-06
-2.928277883929748584e-06 -1.416668852777207797e-06
-2.128464316469049340e-06 -1.055267816977451263e-06
-1.294477877208215055e-06 -4.669159652502678774e-07
-2.048785659848784129e-06 -8.359568095142449729e-07
-2.905315786238710228e-06 -1.289043642570041299e-06
-2.420896475838665960e-06 -1.067690014790646545e-06
-1.087718361018501303e-06 -6.063132752151535710e-08
6.495980516637251881e-08 8.748396531409153947e-07
6.074886439436884027e-07 9.807445318575391778e-07
4.841506403173749938e-06 1.847146751097018664e-06
5.458563272660269271e-06 2.160100803008153884e-06
4.633505573205592233e-06 1.985767869398955826e-06
2.989654850308981794e-06 1.180573987758871587e-06
2.793162191632378241e-06 7.795053445904622419e-07
1.205988977911369238e-06 2.399998526815546030e-07
1.203980704751605710e-06 6.800023689126359284e-07
1.681178123027749690e-06 6.693411969644061250e-07
1.384039254720691304e-06 6.889157678189044668e-07
1.704451446682206897e-06 3.312866346097816819e-07
3.560901327492062105e-07 1.635249359918575083e-07
4.986063650887376981e-07 2.431020754708760538e-07
7.367114449010182556e-07 5.584000975588433858e-07
1.045344960392532652e-06 8.614507458428895570e-07
6.694790963976339920e-07 4.449266865194742390e-07
6.280460472107123856e-07 1.100500610364743587e-06
9.009795978581760155e-07 8.469670807162609224e-07
5.648302072960341695e-07 5.443422323748488318e-07
1.419803702704944365e-07 3.219235423299076309e-07
-3.378487842124336999e-07 -4.173135733260118244e-07
-1.227105390300006299e-06 -8.252498938773984335e-07
-7.451073427353063628e-07 -2.322956578581270713e-07
-2.381198149763040230e-07 6.463986438811637350e-07
2.667430178719882358e-07 1.044482305341840676e-06
-4.724126161868727725e-08 6.456481777833764814e-07
-4.208877659023370497e-07 3.558767143306101669e-07
-8.958006414489645829e-07 -1.565337164163533470e-07
-1.828477507718972982e-06 -6.762038885878062449e-07
-2.563627169802180106e-06 -1.241939423600028492e-06
-1.959830862594745240e-06 -7.548928473468677835e-07
-1.276296871173412571e-06 -8.767180203512350717e-08
-2.322741362688569729e-06 -9.661080253638675093e-07
