-3.654699569592383875e-06 -3.695316264843444630e-06
-3.239086786826115220e-06 -3.100525860163291860e-06
-2.760148016245835807e-06 -3.061311673498368896e-06
-2.056760345367493698e-06 -2.387180931871154918e-06
-2.322759100212540782e-06 -2.196739997123736060e-06
-1.748731111935397088e-06 -2.056608172301732965e-06
-2.590517661720664549e-06 -2.741695754658034482e-06
-6.738399473264313278e-07 -1.146633483738012369e-06
-1.233573516742049563e-06 -1.642974994411852312e-06
-1.161635602011414403e-06 -1.278830583298558594e-06
-3.340914266274219545e-07 -1.003444468150831315e-06
1.869755620622298088e-07 6.258906319938830634e-07
1.404592360600905122e-07 -4.749473182006640242e-08
-3.518887355722382805e-07 -2.836943028360136403e-07
-2.908733157354339919e-07 -7.819039394148485491e-07
8.922998786659706521e-07 5.017690316262557200e-07
3.767673195977149077e-07 2.626958310058156829e-07
3.086045390572751485e-07 7.978515587845238756e-07
1.180829835712743606e-06 1.576977850757338100e-06
1.484097439606222786e-06 2.323990842864761907e-06
1.345328902800924369e-06 2.064895817402307074e-06
9.607982741643106935e-07 1.424845405165232581e-06
1.646096480617719257e-06 1.108507323548174360e-06
1.599455539778275333e-06 1.407458371119020568e-06
1.532112152365217469e-06 2.184049905917344145e-06
1.624124848331271592e-06 2.553446364998055564e-06
1.837402461796640107e-06 2.866143932427530653e-06
2.214436570962887381e-06 2.435252751100635586e-06
2.274701147393087277e-06 2.705240330912845212e-06
2.136324908417259359e-06 2.928886625239967931e-06
1.578815447618233943e-06 2.206752996726732616e-06
1.368888184183849190e-06 1.600020856603360823e-06
-3.758189156204882785e-06 -3.968509186666209482e-06
-3.525674491976441665e-06 -3.868655051752806899e-06
-3.232323805385368876e-06 -3.514205484921547438e-06
-2.511350434182984300e-06 -2.973123395933092994e-06
-2.629993325168369449e-06 -3.392943205077634460e-06
-1.583188569572892720e-06 -2.295828588776723334e-06
-1.486707122969635347e-06 -2.280469328258638264e-06
-1.403638345982553209e-06 -1.959488482096406303e-06
-2.061539160388432203e-06 -2.375930374921458186e-06
-1.889217766709701929e-06 -2.616327350336662720e-06
-3.103305737579438888e-07 -8.517712792867532012e-07
-1.816588327400546431e-07 -5.830443107113741381e-07
-3.953541516815776337e-07 -5.164660524121588642e-07
-4.253437779437368578e-07 -1.077431658395230562e-06
-3.729140882772884394e-07 -1.327657340841628510e-06
5.139049734055155441e-07 3.464300601212490260e-08
2.024309761463460251e-07 -9.886205929809364927e-08
5.645959622464235133e-07 6.267858921963461981e-07
7.887155476704963829e-07 8.577597928752840495e-07
6.265640309756779036e-07 5.864791863060818207e-07
1.249824985734792805e-06 2.002757022796154079e-06
1.254148903163416407e-06 1.610674656408679909e-06
1.146947036302188670e-06 1.192958724798638607e-06
1.215728685634878553e-06 1.354361596632040876e-06
1.897760710235574106e-06 2.170692950702089806e-06
2.100611408787699705e-06 1.843566902488917815e-06
1.772030849464967013e-06 2.307600030359492688e-06
1.824283539047111285e-06 2.234518740624877972e-06
1.866739060289933531e-06 2.098237926343009189e-06
2.052548105016182301e-06 2.887941927999957189e-06
2.236880676378460588e-06 2.981366121693819277e-06
2.183794559165652132e-06 2.760047401384972389e-06
