-1.844365695249159657e-06 -1.064794731284326941e-06
-1.666843007460038964e-06 -4.048063988887465708e-06
-1.267154526515156036e-06 -2.117626795275698383e-06
-2.313077725490987217e-06 -1.279820145095560065e-06
2.900401746161883228e-07 -4.013056889117861413e-07
2.900401732754363031e-06 -7.583677648671514315e-07
-1.425627522006419715e-06 -1.525338951390592494e-06
-1.309372808397506368e-06 -1.458577129831910699e-06
-8.889808322861746447e-08 -7.063436552829227499e-08
1.224538021770721472e-07 -6.046584232951242381e-07
-3.435285909330171942e-07 7.043176097479262859e-07
3.492470674878358497e-07 1.934056522233631465e-06
-7.039983260112373941e-08 2.407760756149910960e-08
-1.600291017207292760e-07 1.286015083583401382e-07
2.933715931900841931e-07 4.011921321782624372e-07
9.825684809710636989e-07 9.397058256432005411e-07
7.504424926280634181e-07 9.926607068504731877e-07
2.046989914220808248e-07 8.281876764818434206e-07
5.172556904395667919e-07 1.443223827176272997e-06
8.887405407260814627e-07 1.935529203785629506e-06
2.918520293680478438e-07 1.299735245134780597e-06
1.213660011174542167e-06 1.678594018781567480e-06
5.727854452715263404e-07 1.110980181217854155e-06
9.776424623460540884e-07 1.570009009389237652e-06
-4.900776962596895454e-06 -7.896956291001234867e-07
1.013571178787489259e-06 2.147319190040096118e-06
1.505813965490574158e-06 2.078889579370989536e-06
7.349914208060468842e-07 3.543653423347928286e-06
1.549350812927474416e-06 2.230489105907779020e-06
1.445504215712601311e-06 2.303134236626366588e-06
9.159568650008269300e-07 2.002496048296036270e-06
9.418126965363447826e-07 1.227864219409864886e-06
-6.201802824318538321e-06 -5.535819576335807349e-06
-3.356012496693452898e-06 -3.260554381832006339e-06
-2.891285636429274335e-06 -5.677628057708050185e-06
-1.479631521207717129e-06 -2.822886802300451785e-06
-1.309461391979204330e-06 -8.178826437715473505e-07
-7.901299951068990820e-07 -8.773791338604628305e-07
-7.309849142119383203e-07 -7.714152898217788904e-07
-2.264478049121153216e-06 -2.679127512681623675e-06
2.945647915715930111e-06 -1.659605427096315327e-06
-3.343618924087802681e-06 -3.275326900814168882e-06
3.400389406581419072e-06 -1.298049804479622384e-07
-2.807639304363485425e-07 -6.930213763500875147e-07
2.710512851538368909e-07 -4.272396051410222004e-09
-1.922320871256608268e-08 -4.710900356695786842e-07
-1.311846825185050025e-06 -1.371376332476468974e-06
-3.753999995496351626e-07 -1.106464884584668096e-06
9.058334131892632106e-07 2.888268898574091708e-07
7.688598259662570874e-07 3.764645036697588513e-07
5.128058180077857360e-07 -9.072526288133740864e-08
-8.118264589991612823e-07 -7.407583553670175617e-07
3.025905439309165484e-07 3.943490223581110049e-07
1.225586978176210330e-06 9.745880821227525685e-07
1.420703939804763890e-06 1.017661666668685161e-06
8.750296836730391277e-07 1.509355566018533577e-06
9.568350629138052076e-07 1.199660024400514835e-06
1.832922946942234445e-06 1.715389705667286572e-06
1.314983877211194928e-06 1.458102675453131845e-06
6.905999561475451480e-07 1.147624327843775551e-06
6.743275303085434678e-07 3.855316990595745875e-07
1.454400833671782629e-06 1.574936953044224918e-06
1.928085966012058712e-06 1.900556871145402945e-06
6.137233789978569480e-07 1.636258098669939691e-06
