-3.086679312153591156e-06 5.810910219297995123e-06
-2.469195408849578573e-06 4.868935807434762595e-06
-2.760746588690503064e-06 1.428287572423199862e-06
-1.620090497442332781e-06 1.462985709163374813e-08
-1.548621023657800292e-06 6.170759364134523911e-07
-2.095331307252055656e-06 8.566808664399394204e-07
-1.130749081723508318e-06 2.238891066056813737e-06
7.734574636851482758e-07 3.168600353665325051e-07
-5.136437902442068740e-07 -2.378854858576955582e-07
-1.613486969127920339e-06 -6.374454255775686400e-07
-1.174927750259149350e-06 -1.208636765700353965e-06
-6.395616294346702273e-07 -1.118995724282160387e-06
-5.893435371696261573e-07 -4.793593780808653282e-07
-4.010898224283245401e-08 -6.895713167374588157e-07
1.155584515808850868e-06 -4.913276387461059551e-07
1.798581229205810173e-06 -3.336386670591129971e-07
9.906806019174107284e-07 -5.351396287752722499e-07
6.091306243888553984e-08 -8.117404832051238445e-07
-4.686589933635826084e-07 -1.381679491931224927e-06
1.152871104350953709e-06 -5.803530618531945479e-07
1.219321541219017965e-06 -5.348970933982864278e-07
1.651192877859190899e-06 -4.692168196844947534e-07
1.993341563793839423e-06 -3.419347996635611472e-07
2.359458983359731501e-06 -5.948957140531448888e-07
2.301373799227723150e-06 -5.099321717599866548e-07
1.949373134937273804e-06 -3.860376988904666215e-07
1.947334335648115846e-06 -8.627732712151333947e-07
2.612724173882447298e-06 -1.406317572930191032e-06
1.976812359754089622e-06 -5.880236677501388449e-07
2.292366126262199057e-06 -1.802195091073452538e-07
1.418610732346092399e-06 4.167205150292698098e-08
-3.978314705741075446e-07 -1.354807190554255126e-06
-2.865427391087723882e-06 6.179297612364690549e-06
-3.214695178179380387e-06 6.384349219031254605e-06
-4.002464194514871235e-07 4.252410021429749759e-06
-3.543442255739922136e-06 2.591966112411648926e-06
-3.734662966567442748e-06 3.468873018443342234e-06
-1.559345529119187837e-06 -1.196697676623130113e-06
-1.851681875488628949e-06 -4.083605517884478329e-07
-1.283040820966263942e-06 -2.738956635474904142e-07
-1.359878052854323253e-06 -8.098020855817690204e-07
-7.049833847031325287e-07 9.953766870040289745e-07
4.339614760881889512e-07 -2.213338593977181012e-06
-2.995950057530478079e-07 -1.014830172587449302e-06
-6.262961163511166858e-07 -5.696966445659368331e-07
-1.112250915138340658e-06 -1.511030058340233862e-06
-2.653681901765704222e-06 -1.048774837516413022e-06
-4.058753425872840169e-07 -8.827502721647742398e-07
3.322308644740718619e-07 -2.486406634676351421e-07
-6.364189820684473464e-07 -1.162064018763838623e-06
7.196493817189259306e-07 -1.224885505869642750e-06
4.322404387788751824e-07 -1.785525077122039141e-06
8.499679640064477800e-07 -1.747412676100956395e-06
1.078119243406634818e-06 -9.954271332854883155e-07
-2.096872356464666054e-07 -9.037563961807062639e-07
-3.937565976705287947e-07 -7.475847956849862845e-07
1.193458969443928922e-06 -5.807228745790748927e-07
1.054927583146623155e-06 -4.763047455833767409e-07
1.150081346855049794e-06 -5.954889242225584446e-07
2.022045500359298419e-06 -1.172514753844250065e-06
2.939103789631838755e-06 -1.865537038416325233e-06
2.481870897646705102e-06 -5.010289182110924951e-07
2.105576319717568593e-06 -1.912320808246728396e-07
2.556710932352911058e-06 -2.040853470493843292e-07
