4.732370341581378925e-01 5.588014775802794265e-01
4.576046119963727010e-01 5.187897739741057501e-01
4.105454074361964412e-01 5.029899056396752721e-01
4.157598134473377560e-01 4.619998537049228027e-01
4.087424968691972249e-01 5.183143149733011601e-01
4.766485296022801021e-01 5.706605222734255634e-01
5.454830072980092481e-01 5.820075341964743298e-01
5.287386103554001515e-01 5.053946309706678353e-01
4.114954441421599940e-01 5.161838929120035058e-01
4.110420175324955849e-01 5.676066125374881199e-01
4.180701299822947581e-01 5.585546046375540197e-01
4.734205639763354734e-01 5.600815595055226304e-01
4.900138187157230818e-01 5.668202764976958408e-01
5.157403808783521670e-01 5.374241094287177667e-01
5.339206287515654292e-01 5.634829200497403212e-01
5.511184523038389349e-01 6.350212127861896150e-01
5.776223172258927452e-01 6.951759198302978060e-01
6.367297145571533257e-01 7.252029844195743147e-01
6.776028846569073227e-01 7.730323312120546131e-01
7.187243598048105309e-01 8.073476702508959324e-01
7.573088051129248655e-01 8.338453661034305187e-01
7.838342617782960708e-01 8.466004681442469426e-01
8.023815692879042727e-01 8.596481603394046100e-01
8.291445351297663802e-01 8.607362299758613000e-01
8.369823379539664820e-01 8.519128081340063829e-01
8.160383469361316422e-01 8.244093336259233906e-01
7.898583581638380924e-01 7.964121132323896957e-01
7.670466813490520730e-01 7.451265452417525914e-01
7.495357775186767268e-01 7.117072635505814482e-01
7.353931856458089111e-01 6.982938336624971987e-01
7.194584790776006322e-01 7.088819398727232990e-01
7.175152221790387363e-01 7.032312925170067786e-01
7.106274560608023538e-01 7.055628703094141141e-01
7.000582977069567114e-01 7.035238826713481330e-01
6.774841300686617052e-01 6.899001536098310350e-01
6.605346115645376326e-01 6.685593592275620445e-01
6.598868592650171117e-01 6.776936581084046507e-01
6.715032171697542518e-01 6.724727525418769947e-01
6.655654877574815886e-01 6.514702655255650843e-01
6.391371939370384947e-01 6.167434715821812352e-01
6.471153430928012762e-01 6.005870089971472314e-01
6.604806322062443114e-01 6.116048569965620851e-01
6.578032560348923141e-01 6.156096847341087086e-01
6.349052122468368253e-01 6.092641357618316933e-01
6.094701386189921299e-01 5.869815668202764680e-01
5.901779159649349626e-01 5.576859776168531235e-01
5.494450921967439783e-01 5.296979006656425959e-01
5.194433648572784890e-01 5.009600614439324584e-01
5.296562594463877227e-01 5.164490527393752473e-01
5.422658375437232614e-01 5.336112939799576571e-01
5.404845187200415513e-01 5.374515397556872687e-01
5.293323832966273512e-01 5.348913759052007499e-01
