4.851099726035878468e-01 5.091953165784175450e-01
5.167628894701813413e-01 5.109254977999850844e-01
5.195644434813565526e-01 4.733313446192856100e-01
4.864410977138700076e-01 4.508539040942650122e-01
5.075224046929899258e-01 4.731523603549854240e-01
4.843205844567926022e-01 5.382504288164664530e-01
5.202300060364976053e-01 5.445372511000075022e-01
5.026390329221291919e-01 5.171675740174509484e-01
5.423251350472858556e-01 4.940636885673801437e-01
5.341449068986332538e-01 4.944067417406219356e-01
5.596142832819973600e-01 4.723394734879558521e-01
5.387341928893154552e-01 4.627041539264672987e-01
4.606853746498057456e-01 4.912073980162577347e-01
4.924775953070100742e-01 4.514281452755612434e-01
5.504976240964601919e-01 4.791930792751137869e-01
5.377745445539957592e-01 5.508315310612275084e-01
5.116241274165337360e-01 5.639048400328138255e-01
5.443140836132308591e-01 5.599000671190991207e-01
5.605352361199250621e-01 5.548437616526212812e-01
5.255312891791911190e-01 5.249384741591468506e-01
5.279923228133174273e-01 5.204713252293236003e-01
5.523008342749238242e-01 4.955179357148183916e-01
5.481681551534662855e-01 5.156462077709002001e-01
5.596220223814756256e-01 5.404728167648593651e-01
5.805640255699846541e-01 5.552315608919382584e-01
6.454254182983267807e-01 6.207621746588112277e-01
6.830219635643196563e-01 6.981281229025282364e-01
7.134753200117635030e-01 7.169662167201132918e-01
7.248053616481187067e-01 7.165709598031171357e-01
7.345721051898400633e-01 7.136550078305614608e-01
7.523101211942977429e-01 7.355954955626816671e-01
7.893417121983686835e-01 7.723394734879558410e-01
8.393595121271688608e-01 8.119099112536357632e-01
8.806708251427863843e-01 8.557237676187634534e-01
8.997709226554398976e-01 8.792751137295846675e-01
9.120760908260714395e-01 8.813781788351108260e-01
9.237466528394756571e-01 8.949213215004847566e-01
9.240020431222623065e-01 8.793124021179804517e-01
8.991982292940393640e-01 8.568498769483182675e-01
8.966520655656508021e-01 8.592065030949362914e-01
9.091584503227204683e-01 8.586397195913192393e-01
9.055752472642283335e-01 8.586397195913191283e-01
8.961877195969476517e-01 8.687448728465955172e-01
8.858560217933042491e-01 8.572898799313892759e-01
8.901667002027644493e-01 8.293683347005742501e-01
8.805237822526971181e-01 8.160340070102169996e-01
8.661600136208150724e-01 8.082780222238794554e-01
8.432909746621883862e-01 7.977104929524946320e-01
8.170786447288993504e-01 7.797673204564099514e-01
8.191217669911928789e-01 7.889924677455439905e-01
8.289117278313493653e-01 8.151838317547916990e-01
8.266286934852259405e-01 8.147960325154747219e-01
8.173495132106428640e-01 8.198374226265940923e-01
7.813704397356323605e-01 8.153329853083750578e-01
7.548253285247727984e-01 8.048996942352151240e-01
7.502747380314825909e-01 7.916175702886121268e-01
7.427523333384926651e-01 7.901856961742113050e-01
7.380160044577214196e-01 7.800880005966143171e-01
7.348042781741916940e-01 7.767320456409874119e-01
7.203940749454393888e-01 7.640987396524723252e-01
7.232807590508768536e-01 7.412036691774180897e-01
7.232884981503553412e-01 7.361473637109404722e-01
7.386196542170353485e-01 7.493847415914685062e-01
7.467921432662094627e-01 7.588112461779401574e-01
7.192641664215952968e-01 7.672235066000447912e-01
7.020756264801027990e-01 7.667835036169736718e-01
6.980203383534292483e-01 7.555596987098217587e-01
7.137229711950716649e-01 7.498098292191811565e-01
7.220502422338136439e-01 7.483630397494220876e-01
7.021607565743649415e-01 7.419121485569393215e-01
6.814431872707291671e-01 7.397867104183757370e-01
6.673115916231986411e-01 7.267879782235812103e-01
6.665531598743169583e-01 7.164143485718547089e-01
6.469577599950470104e-01 7.219777761205161681e-01
6.132075471698112956e-01 7.251994928779177396e-01
5.827774080208028007e-01 6.892907748527109524e-01
5.786369897998668854e-01 6.554254605115967802e-01
5.963750058043246760e-01 6.403236632112759841e-01
6.102357329701115773e-01 6.439555522410320698e-01
5.984258671660965812e-01 6.411738384667013957e-01
5.846193136966582049e-01 6.256320381833097022e-01
6.037813240051387309e-01 6.281900216272653381e-01
6.270682743355983080e-01 6.096726079498844264e-01
6.114275542897829041e-01 6.000745767767917682e-01
6.050582754190722001e-01 5.997166082481915073e-01
5.973810887365146316e-01 6.044149451860690858e-01
