4.442285270112709128e-01 5.514867237217467855e-01
4.764757956557412744e-01 5.597981127935045542e-01
4.470894330008204354e-01 5.446017116524028978e-01
4.462365591397849940e-01 5.210390607856045797e-01
3.680420607159822222e-01 4.476080754882598711e-01
3.960141641836161797e-01 4.628501938409772531e-01
4.395970980696981001e-01 5.247878721381025180e-01
4.707647795483007047e-01 5.147666593519127920e-01
4.175951116293129539e-01 5.735315631628995492e-01
5.049768968346504128e-01 5.424804330334285218e-01
5.344064429762058754e-01 5.441536829785678098e-01
5.494127045817679411e-01 5.332272694023845183e-01
5.193785896273264147e-01 4.839898324921366735e-01
4.321263548818931599e-01 4.829383366249725418e-01
3.990154165047286039e-01 5.549795186891960386e-01
4.154035496826013474e-01 5.238918147904323419e-01
4.147342056397633758e-01 5.423341379562578446e-01
4.052122468368096198e-01 5.556378465364640862e-01
4.581228138359891289e-01 5.731201082583571305e-01
5.124368441507967109e-01 5.636292151269109985e-01
5.150278533488793498e-01 5.320386219003730988e-01
4.636718918685494017e-01 5.387041913539609705e-01
5.206848900980265427e-01 5.383567405456807231e-01
5.496394178866002012e-01 5.359520152146880489e-01
5.313404154251415434e-01 5.837539316801989564e-01
5.317614544198299154e-01 6.183984346426742995e-01
5.533855853521614243e-01 6.832803013678589998e-01
5.843373493975904109e-01 7.040907760953843963e-01
6.070086798808136397e-01 7.019146368224707944e-01
6.472125059377294987e-01 7.297747055811572015e-01
6.653819579392840078e-01 7.516458196181697859e-01
6.780455153949128677e-01 7.759216589861751556e-01
7.168026946495660301e-01 8.145252724745811745e-01
7.345295159131147722e-01 8.111879160266257660e-01
7.630414129636826637e-01 8.223886328725038553e-01
7.680075139266744344e-01 8.364878209348255433e-01
7.735781837025522689e-01 8.412332675005486093e-01
7.941982985706266263e-01 8.423670543486210249e-01
8.074772207108001920e-01 8.480908492429229950e-01
8.252364295893249713e-01 8.600321849169775268e-01
8.317463401995077721e-01 8.352625996635212324e-01
8.232607850757869272e-01 8.184295223465730684e-01
7.986893811806364818e-01 8.152018872064954458e-01
7.829705920456018209e-01 7.887864823348694765e-01
7.690978969642008334e-01 7.706550362080315519e-01
7.573519885995594336e-01 7.353339185136420486e-01
7.448071857321760803e-01 7.079218784287908406e-01
7.371421168545148062e-01 6.866268012581375757e-01
7.120093276331131982e-01 6.910430839002268399e-01
7.131860776439089555e-01 6.982481164508814730e-01
7.233989722330180783e-01 7.011191573403554589e-01
7.032430798462667720e-01 6.869651086240947668e-01
7.040959537073023800e-01 6.987052885670397284e-01
7.084790776007255930e-01 6.898544363982150873e-01
7.063414950123072522e-01 6.975349279496744215e-01
6.972837586906766028e-01 7.036061736522566390e-01
6.707906896402815455e-01 6.972697681223026800e-01
6.615386276287946732e-01 6.641796503547654495e-01
6.479142375955434519e-01 6.555848145709897157e-01
6.451828820658980224e-01 6.712018140589568471e-01
6.545429027939716482e-01 6.734785311974252897e-01
6.568424234572698417e-01 6.608514373491333194e-01
6.830224122295633915e-01 6.698668714797746393e-01
6.579112147514789566e-01 6.635396093921440697e-01
6.441464783866649446e-01 6.316929997805573738e-01
6.280174461286004428e-01 5.951923780264795072e-01
6.243252580213325409e-01 5.924859190988223112e-01
6.104201753249556273e-01 5.983377221856484018e-01
6.537116206762534354e-01 6.108002340721234713e-01
6.707151185386707182e-01 6.132598200570550384e-01
6.606857537677591763e-01 6.194590739521614875e-01
6.187977717320896076e-01 6.092824226464780279e-01
6.016323357947921391e-01 6.089258283958745022e-01
6.149328496782829889e-01 5.863140955306853641e-01
6.031869413136415892e-01 5.735955672591617205e-01
6.011357256984929398e-01 5.698833296759564515e-01
5.631882368182407061e-01 5.369577938702363440e-01
5.282312043874421992e-01 5.239741057713408479e-01
5.182990024614587687e-01 5.028436105625045949e-01
5.171762318089562216e-01 5.011154999634261920e-01
5.101481193591570484e-01 4.996891229610123109e-01
5.338666493932719970e-01 5.222185648452929430e-01
5.400526838536943153e-01 5.472167361568283095e-01
5.408407824847777379e-01 5.362171750420597904e-01
5.312540484518719630e-01 5.328981054787507166e-01
5.177592088785247793e-01 5.403865847414234258e-01
