4.599712955508102885e-01 4.423311830562201563e-01
4.754436937725347034e-01 4.468942124231503055e-01
4.765988728252879003e-01 3.961254631171951535e-01
5.313006849394988906e-01 4.960275396993650276e-01
4.785241712465431729e-01 4.739796278910122784e-01
4.722348630704426564e-01 4.403929050950463053e-01
5.082554462608370738e-01 4.005269693206941484e-01
5.814634601696596627e-01 4.361125412641206345e-01
5.338560810258923262e-01 4.599977790565027980e-01
4.181631486213696069e-01 4.736262959710065834e-01
4.485945321524836271e-01 4.985816247211201646e-01
4.824447789407357856e-01 4.995002877131348162e-01
5.244279529993816080e-01 4.871740513037947640e-01
5.421173615243696231e-01 5.359439514622893475e-01
5.556177874237173686e-01 5.396589842212059507e-01
5.453611976523027316e-01 5.501983706350889181e-01
5.348945753258421698e-01 5.472000969138980375e-01
5.408805031446540790e-01 5.587994790877979234e-01
5.872860293345467664e-01 5.696215310376854246e-01
5.995846022800199737e-01 5.798984423109927455e-01
5.794798193720026580e-01 6.008863583593284652e-01
5.968191736385806134e-01 6.394197280353736135e-01
6.383006032601720170e-01 6.888357208475928140e-01
6.746595722336963252e-01 7.145986654148621664e-01
6.820573855614286973e-01 7.165571337714647937e-01
6.810772336378805303e-01 6.996779631929090915e-01
6.788602233346168191e-01 6.856355431721130600e-01
6.968530122168936636e-01 6.661619067809444461e-01
6.942159368035378808e-01 6.520992963647191942e-01
7.026755813817808782e-01 6.415195291599785632e-01
7.039707821378980990e-01 6.448711348011750832e-01
6.960128819967095204e-01 6.298191950089342406e-01
6.619876080792521655e-01 6.352605065770211556e-01
6.599339564299132599e-01 6.314647122363892251e-01
6.573668918682396001e-01 6.125564069172294568e-01
6.639945858274699519e-01 5.966059945284029054e-01
6.727459422877213324e-01 6.107594617240579282e-01
6.493623178259297912e-01 6.268814924740301331e-01
6.046603890269657278e-01 6.315353786203902198e-01
5.692348980758684673e-01 6.324843272055483689e-01
5.559911786326880989e-01 6.390966817085111940e-01
5.617670738964539723e-01 6.388039209747923275e-01
5.837271443740446042e-01 6.393187760582290657e-01
5.966791519352165896e-01 6.311921418980990239e-01
6.060022636842044008e-01 6.009065487547572415e-01
6.107279961727400952e-01 5.830178584047568391e-01
6.130383542782463779e-01 5.868540335362467664e-01
5.966674834599363653e-01 5.929111521649150784e-01
5.817318351011072641e-01 6.027640651342156541e-01
5.426424429119847126e-01 5.918915371957559346e-01
5.211607799208877179e-01 5.728822798994518406e-01
5.177302481884691332e-01 5.556901581917481625e-01
