4.961958082113120949e-01 5.622000738279808729e-01
5.034692315054072331e-01 5.401970983366332080e-01
4.161881519762656856e-01 5.297381343892970662e-01
3.407742367690688168e-01 5.800082776826963604e-01
4.269068810412479653e-01 5.625580276743067376e-01
5.261986792994544082e-01 4.748369632090562176e-01
4.585606278112738243e-01 5.191337516918912431e-01
5.115561297731840984e-01 5.659138449836124130e-01
4.875346923150540857e-01 5.671554973880554851e-01
4.123600344530576889e-01 5.475015940132219594e-01
4.816968130921619462e-01 5.048155978388536580e-01
4.507369126232175782e-01 4.531583833909415548e-01
4.979663125657957101e-01 4.658433728201170076e-01
5.149535840750311122e-01 5.050281329351097304e-01
4.979423868312757295e-01 5.239773146749890920e-01
5.261986792994544082e-01 5.636318892132845537e-01
4.989472676811178009e-01 5.987561103840173260e-01
5.034213800363671609e-01 6.252335089544391877e-01
5.191166618815197253e-01 7.199346734230455125e-01
5.824480811560914795e-01 7.798807566249427170e-01
5.953679777969183018e-01 7.573072921910131150e-01
6.045554598526174939e-01 7.479893061288410694e-01
6.225715379462148924e-01 7.355168517959216334e-01
6.576705904871279484e-01 7.361208989115964885e-01
6.666188151976265575e-01 7.353938051612470828e-01
7.057373911379080100e-01 7.449131402619775244e-01
7.397837113599387004e-01 7.896797431681151780e-01
7.871566657096372710e-01 8.392451648265600861e-01
7.971097712699780624e-01 8.496817566585008752e-01
7.814623408938654592e-01 8.603308835866975146e-01
7.702411714039620882e-01 8.315939013613432573e-01
7.760790506268542277e-01 8.126782777945568137e-01
7.627763422337064947e-01 8.144009306800004122e-01
7.515312470092830877e-01 8.151503965457452816e-01
7.156904966982486904e-01 8.026443840397329277e-01
6.918604651162790775e-01 7.723189816213072989e-01
7.054742080581873909e-01 7.605624349810397034e-01
6.525265575653173000e-01 7.596563643075271433e-01
6.199875586180495501e-01 7.624864369050414759e-01
6.230022011675757643e-01 7.665693479646967790e-01
6.348454397550005179e-01 7.868944148013915507e-01
6.403722844291319660e-01 7.904292090338602694e-01
6.252751459469806372e-01 7.885946955714397966e-01
6.260886209206623088e-01 7.677215119075584404e-01
6.805914441573356344e-01 7.655626027719051319e-01
6.753277825629245834e-01 7.487387719945859388e-01
6.151545602449994821e-01 7.257626094835397668e-01
5.465116279069767158e-01 6.940277637952055878e-01
5.194037706957603806e-01 6.362405897289618029e-01
5.706526940377070201e-01 6.101323310625635932e-01
6.092209780840271982e-01 5.973466671141089979e-01
6.194133409895683506e-01 5.951989440361533656e-01
