5.323893434025592786e-01 3.200881057268722407e-01
5.254247954688482380e-01 3.377312775330396644e-01
5.503880847493182182e-01 4.513656387665198055e-01
4.639815397524648111e-01 4.961233480176210908e-01
4.170757289700021131e-01 4.955176211453744539e-01
4.384833228445563225e-01 5.103964757709251732e-01
5.235473043843088536e-01 4.681718061674008391e-01
5.630899937067337380e-01 4.735132158590308893e-01
4.842248793790643324e-01 4.602533039647577207e-01
4.074680092301237733e-01 4.904735682819383880e-01
4.741661422278162785e-01 5.015528634361233751e-01
4.777008600797146842e-01 5.037004405286343856e-01
5.240927207887560169e-01 4.746585903083700431e-01
5.000629326620515958e-01 5.045925110132158942e-01
5.477658904971680620e-01 4.884030837004404990e-01
5.534927627438640529e-01 4.236784140969163115e-01
5.279945458359555088e-01 4.711233480176211241e-01
5.006607929515418665e-01 5.188986784140969810e-01
4.486049926578561386e-01 5.627863436123348162e-01
3.983742395636669098e-01 5.795484581497798438e-01
4.515313614432557299e-01 5.125881057268721896e-01
4.672330606251311469e-01 5.109030837004404635e-01
4.706943570379693575e-01 5.077863436123348784e-01
4.565764631843927113e-01 4.941740088105727180e-01
4.641598489616110546e-01 5.231057268722466569e-01
4.693203272498427392e-01 5.836784140969163426e-01
4.706628907069435597e-01 6.093832599118943483e-01
4.785609397944200483e-01 5.945814977973568061e-01
5.240927207887560169e-01 6.118832599118941840e-01
5.469582546675058055e-01 6.191960352422908320e-01
5.594713656387665379e-01 5.951321585903083244e-01
5.702852947346339629e-01 6.013105726872246537e-01
5.935389133627019254e-01 6.120264317180617031e-01
6.068806377176421130e-01 6.168392070484581824e-01
6.148730857981959952e-01 6.726872246696035118e-01
6.323264107405075496e-01 7.215859030837004084e-01
6.808789595133206696e-01 7.523678414096915956e-01
7.129641283826306797e-01 7.614757709251102069e-01
6.939584644430459859e-01 7.623788546255505505e-01
7.179882525697502960e-01 7.791740088105727491e-01
7.649360184602475021e-01 8.002312775330396866e-01
7.856093979441998165e-01 8.212004405286343900e-01
7.867421858611286511e-01 8.380616740088105976e-01
7.789385357667295562e-01 8.396916299559471497e-01
7.939374868890287651e-01 8.472577092511012209e-01
8.228445563247325234e-01 8.551541850220264473e-01
8.211139081183135291e-01 8.454515418502203117e-01
8.147367316970841600e-01 8.441189427312775218e-01
8.188378435074470385e-01 8.518281938325991121e-01
7.890392280260122293e-01 8.315638766519823921e-01
7.772603314453535583e-01 8.193722466960352557e-01
7.698132997692468393e-01 8.291189427312776195e-01
7.480385986993915992e-01 8.257268722466961641e-01
7.139186070904132153e-01 8.150220264317181718e-01
6.701174743024963520e-01 7.855837004405286095e-01
6.518565135305223190e-01 7.721696035242291423e-01
6.322949444094819738e-01 7.495814977973569437e-01
6.059366477868680656e-01 7.235682819383260078e-01
6.303440318858820612e-01 7.129625550660793065e-01
6.579504929725193962e-01 7.009581497797356953e-01
6.446507237256136058e-01 6.805837004405286272e-01
6.040486679253198599e-01 6.565969162995594077e-01
5.924690581078246865e-01 6.390088105726872136e-01
5.752779525907278924e-01 6.191189427312775440e-01
5.472414516467380974e-01 5.906938325991188954e-01
5.080658695196140773e-01 5.660682819383260345e-01
4.889867841409691884e-01 5.617621145374449565e-01
4.685651353052234236e-01 5.307599118942731842e-01
4.608558842039017778e-01 4.971475770925110060e-01
4.547514159848961568e-01 5.116740088105727891e-01
4.676211453744493207e-01 5.411453744493393003e-01
4.889553178099433906e-01 5.499669603524228734e-01
4.950388084749318685e-01 5.534251101321585598e-01
5.173169708411999856e-01 5.323678414096916223e-01
5.009230123767568488e-01 5.214427312775330448e-01
4.845605202433395653e-01 5.222246696035242053e-01
5.168449758758127954e-01 5.147466960352422571e-01
5.414096916299558915e-01 5.241740088105726336e-01
5.358716173694146878e-01 5.020814977973568904e-01
5.258653241032095194e-01 4.670264317180616853e-01
5.328403608139291592e-01 4.497026431718061934e-01
5.560730018879798120e-01 4.606607929515418309e-01
5.589679043423536609e-01 4.523568281938325497e-01
5.673064820641913197e-01 4.503083700440527748e-01
5.556954059156702375e-01 4.864867841409691862e-01
5.321795678623872927e-01 4.960462555066079693e-01
