4.982946119624320769e-01 5.005804383609113728e-01
4.760833745262811334e-01 5.140951225851165818e-01
5.226890756302521313e-01 5.143463570995409073e-01
5.006096556269565845e-01 5.022091310751104487e-01
5.190476190476189799e-01 5.394438187646193317e-01
4.811089141538968939e-01 5.322359871783765017e-01
3.822623166913824422e-01 4.725288053365676033e-01
3.754160487724501616e-01 4.665165035086199508e-01
4.877409787444390021e-01 5.607207831586242808e-01
4.570769484264294302e-01 5.503681885125184525e-01
4.957983193277310519e-01 4.856189898639868274e-01
5.369665513264129109e-01 5.041843541540327323e-01
5.108502224419179116e-01 4.953998094082994186e-01
5.086505190311418900e-01 4.884345490773628895e-01
4.855577525127698357e-01 5.555314909468942464e-01
5.064178612621519360e-01 5.598111409512258607e-01
5.036826495304004281e-01 5.539374512691674912e-01
5.093425605536332501e-01 5.642120765832105977e-01
4.881446696325589807e-01 5.837650524127175888e-01
5.020596473883670585e-01 5.612145889283548517e-01
5.021090789256879017e-01 5.241531664212076835e-01
5.007002801120448154e-01 5.010655808715238635e-01
4.679024550996869203e-01 5.262236853504288492e-01
4.449497446037238291e-01 5.161569782552195562e-01
4.787609161311583428e-01 5.360998007450403779e-01
4.874938210578348974e-01 5.790609027116001561e-01
5.413906739166255422e-01 6.059863120505933898e-01
5.710495963091118954e-01 5.951485748938750708e-01
5.796589223924863976e-01 5.870917439140603822e-01
6.295106277805239126e-01 6.322966299922030409e-01
6.691464821222605774e-01 7.030927835051545838e-01
6.705717581150106854e-01 7.328250887984059103e-01
6.788844949744604618e-01 7.239192584250195850e-01
6.892486406327237303e-01 7.211296889889976525e-01
6.939940682155215645e-01 7.233648098414623417e-01
6.992750041192947741e-01 7.124664298709174615e-01
7.205140879881364313e-01 7.120852464697219331e-01
7.477179106936892028e-01 7.411851338473534057e-01
7.782913165266105437e-01 7.770510265962053964e-01
8.009062448508815768e-01 8.071125357359438812e-01
8.236612291975613509e-01 8.326778133933985249e-01
8.257126379963749541e-01 8.435502035865892756e-01
8.495221618058989010e-01 8.693233994628779548e-01
8.688416543087823518e-01 8.910681798492593453e-01
8.875926841324764949e-01 8.970804816772069978e-01
8.925193606854505690e-01 9.063068526379624013e-01
9.022738507167572530e-01 8.990383782378930100e-01
9.108584610314712782e-01 8.882266308585289316e-01
9.142774756961608018e-01 8.860521528198909147e-01
9.149036085022244080e-01 8.992462964567270456e-01
9.108831768001318663e-01 8.926795460452222608e-01
9.079502389190970968e-01 8.710647145456120732e-01
9.042511122095896470e-01 8.555314909468941797e-01
8.911517548195748706e-01 8.403534609720176851e-01
8.760998517053879553e-01 8.216668110543186021e-01
8.656203657933762008e-01 8.140864593259984350e-01
8.519855000823860491e-01 8.029108550636749886e-01
8.384165430878232073e-01 7.776574547344711208e-01
8.226231669138244218e-01 7.388460538854717541e-01
8.058164442247487402e-01 7.202806895954257937e-01
7.994562530894711028e-01 7.045048947414016549e-01
7.743038391827318234e-01 6.599324265788789612e-01
7.340418520349316633e-01 6.607640994542147705e-01
7.044570769484264083e-01 6.566317248548904084e-01
6.905915307299390626e-01 6.331629559040110600e-01
6.594002306805074598e-01 6.233388200641081234e-01
6.559400230680507704e-01 6.419994802044529658e-01
6.500823858955346868e-01 6.464177423546737522e-01
6.617070357554786231e-01 6.704236333708741835e-01
6.479238754325259420e-01 6.951572381529932398e-01
6.299967045641785557e-01 6.980680932166680730e-01
6.233069698467621489e-01 6.692454301308150555e-01
6.232822540781017828e-01 6.434029281815819568e-01
6.142362827483934806e-01 6.292038464870485237e-01
6.304003954522985342e-01 6.471887724161830002e-01
6.409787444389520861e-01 6.479944555141643470e-01
6.457736035590708745e-01 6.373126570215714715e-01
6.484099522161805851e-01 6.261197262410118647e-01
6.567803592025045489e-01 6.130728580091830970e-01
6.600016477179107000e-01 6.147881833145628638e-01
6.455758774097875019e-01 6.093389933292904237e-01
6.066567803592024521e-01 5.619856189898639887e-01
6.070522326577688643e-01 5.414883479164862568e-01
5.715686274509803599e-01 5.250801351468422640e-01
5.290327895864228580e-01 4.710473880273759462e-01
5.084610314714120838e-01 4.403274711946634223e-01
