3.617691966704427720e-01 4.764438849469749826e-01
3.838349012461212961e-01 4.765392538338292794e-01
4.357853519184357038e-01 5.340466926070038811e-01
4.658547997832832022e-01 5.576886396581979266e-01
5.386888637147219105e-01 5.538929579613947052e-01
4.408584938186475011e-01 4.732871747920958105e-01
3.735285425799143022e-01 5.292591744869153958e-01
4.492070137418115450e-01 5.610837720302128684e-01
4.970447717086144968e-01 5.088502327000838932e-01
4.957887996847756273e-01 4.871728847180896160e-01
4.838324385558784857e-01 5.484092469672694481e-01
4.747943653647244133e-01 5.436884870679790094e-01
5.132369600551641708e-01 5.306324864576180689e-01
5.420134955425306433e-01 5.307946135652704678e-01
5.883613259124267358e-01 5.603780422674906614e-01
5.945426784219079996e-01 5.830853742275119433e-01
5.836945279022803801e-01 6.105420767528800807e-01
6.193050288134757109e-01 6.637960631723506255e-01
6.572181451017090614e-01 7.025062943465323340e-01
6.892946855144559404e-01 7.142652780956740832e-01
7.431414076737428154e-01 7.532997634851605895e-01
7.674235334679603282e-01 7.984378576333257538e-01
7.792813869871446641e-01 8.441958495460440970e-01
7.712530167955474747e-01 8.562981612878614035e-01
7.570432940944687994e-01 8.710326543068589444e-01
7.434738708565236109e-01 8.775368123903257711e-01
7.443727527951534695e-01 8.890096894789044635e-01
7.150667389055804790e-01 8.894674601358053545e-01
6.953282766093680234e-01 8.611238269626916297e-01
6.805644486036546148e-01 8.121805142290379198e-01
6.749618283012361886e-01 7.525558861676966416e-01
6.810816135546470251e-01 7.201113908598457680e-01
6.832857213219721837e-01 7.217803463797971553e-01
6.962148450967837743e-01 7.445162890058747429e-01
6.943555139634537410e-01 7.618162050812542496e-01
6.979017879131164115e-01 7.765411612115663553e-01
7.094271782495198408e-01 7.827592126344701251e-01
7.332413928976013739e-01 7.797455558098725925e-01
7.434123036004530727e-01 7.897688258182650189e-01
7.371078165788306213e-01 7.984092469672694481e-01
7.368615475545485793e-01 7.989719233997101266e-01
7.482884302812392585e-01 7.892538338292515165e-01
7.128626311382553205e-01 7.709143968871595698e-01
6.971752942914840601e-01 7.551117723353932831e-01
6.700610747180220095e-01 7.225432974746318626e-01
6.592991183568930325e-01 7.198538948653391278e-01
6.395975964143228998e-01 7.123292896925306206e-01
6.157710683150272590e-01 7.060158693827726095e-01
5.941363345318426692e-01 6.944476234073395648e-01
5.860217701817466152e-01 6.633382925154497345e-01
5.966975323843767276e-01 6.229686427100022961e-01
5.730310791508643753e-01 5.843823910887312456e-01
