5.492791997646366831e-01 5.435448928829335058e-01
4.812549909637288681e-01 5.554039958276498767e-01
4.577817005001471595e-01 5.263419722378239740e-01
4.696339259446055681e-01 4.934285485035704855e-01
5.398856806623797411e-01 4.085693653213512411e-01
4.413062665489850267e-01 5.226510470994142343e-01
4.158576051779935279e-01 5.528845382331701863e-01
5.352204429874333202e-01 5.339163925218646245e-01
5.477451351237758725e-01 4.710904276658910428e-01
4.594418526457361707e-01 4.572574821471555029e-01
3.487370234943050207e-01 4.919200834470030537e-01
3.859538519732694239e-01 5.051753189440744141e-01
3.888538645820198703e-01 5.226831421006177258e-01
3.858487790526625161e-01 5.302094198828531946e-01
3.771067120581683696e-01 5.518093556928508336e-01
4.324591266338839168e-01 5.766187916232046184e-01
4.807506409448156770e-01 6.104629703923614148e-01
5.487538351616021437e-01 6.015084650565674096e-01
5.921069222040095115e-01 5.996469549867609050e-01
6.014163829697811714e-01 5.981224424295916720e-01
6.257092422140966281e-01 5.572013158950492873e-01
6.451267179422519593e-01 5.712107839204043636e-01
6.317194132728113365e-01 6.251143384417875426e-01
6.459462867229857075e-01 6.864639332423975171e-01
6.629260706930609759e-01 7.205969670223862922e-01
6.383810364392887848e-01 7.194094519778543306e-01
6.112722229227084414e-01 7.222980020861751171e-01
6.068171310889757253e-01 7.139212067720452914e-01
6.422267053335014575e-01 6.772205728957714221e-01
6.215693691421846356e-01 6.562625371098450566e-01
6.107468583196737910e-01 6.276979860386745491e-01
5.470936830160131326e-01 6.582524271844660824e-01
5.394443743958307058e-01 6.592634197223782300e-01
5.535871895095196837e-01 6.610446922891759503e-01
5.773336695666793084e-01 6.779427104228517020e-01
6.152860084898920112e-01 6.972478536467945354e-01
6.336107258437354561e-01 7.015004413062665423e-01
6.990081116294708519e-01 6.793709379764101275e-01
7.209473374521917499e-01 6.647356174275856899e-01
7.028958096919262211e-01 6.514482869293107825e-01
6.712478460051275464e-01 6.533579395009226909e-01
6.467028117513553553e-01 6.548182620556848299e-01
6.420796032446517421e-01 6.538875070207815776e-01
6.469760013449333824e-01 6.429912541121719505e-01
6.709116126591854190e-01 6.403915590146833647e-01
6.797377379901652361e-01 6.290780710904276818e-01
6.369520447190349932e-01 6.016368450613817087e-01
5.835750010507291252e-01 5.687394688277300769e-01
4.807716555289370808e-01 5.809676642862873219e-01
4.871180599335939165e-01 5.792184867206932042e-01
4.401924935905518477e-01 5.556126133354730712e-01
4.864876224099524693e-01 5.314450774291903379e-01
