3.786878786386248530e-01 4.873064011596856537e-01
3.644289021326897471e-01 4.727817196917677434e-01
4.276338472146973269e-01 4.756904707408255439e-01
4.533812737033935392e-01 5.338750286106661580e-01
4.558809042998571703e-01 5.458533607995726955e-01
4.400088656848741286e-01 5.241664759288929831e-01
4.954440230507807241e-01 5.428110933089189682e-01
5.228783923558094626e-01 5.456721599145495372e-01
4.784884007289562646e-01 5.258258945601587131e-01
4.022311973599960733e-01 4.592584115358205876e-01
4.327808698221937700e-01 5.150205996795605978e-01
4.308353445303649276e-01 5.523289082169833275e-01
4.486036546323203256e-01 5.430113679713131081e-01
4.831059449342461898e-01 4.817463950560768593e-01
4.882283406393144176e-01 4.626821545738918351e-01
5.148869625178544851e-01 4.649900816357671607e-01
4.899522238092892112e-01 5.419050888838025104e-01
5.044944096931488486e-01 5.642881666285191056e-01
5.051223957050682278e-01 5.505836575875486805e-01
4.808402699108506040e-01 5.165083543144883826e-01
4.745973501452986909e-01 5.302128633554589188e-01
5.300448209624193385e-01 5.445563439383536153e-01
5.564079200118209334e-01 5.517853055619135194e-01
5.635989755208589136e-01 5.399500267032882883e-01
5.935083485199231790e-01 5.599011978332188999e-01
5.887922967049203926e-01 5.803482871747920324e-01
5.860956508890311500e-01 5.943198290989546440e-01
5.690784613111362633e-01 6.050869764248112403e-01
6.078781460867851427e-01 6.337453269245441057e-01
6.449908880461014959e-01 6.810769054703593728e-01
6.478229818253460337e-01 6.914435034714274675e-01
6.557282175048022577e-01 6.958590829327839788e-01
6.989238043638871245e-01 7.043278400854504628e-01
7.260503373885632827e-01 7.133401998931868659e-01
7.470447717086144968e-01 7.525368123903257711e-01
7.569078461311136152e-01 7.897974364843214357e-01
7.566369502044033579e-01 8.075265125505455277e-01
7.609220312269122655e-01 8.261043717097733552e-01
7.569817268383983722e-01 8.351453421835659530e-01
7.441880510269418547e-01 8.517013809414816228e-01
7.323178840565434111e-01 8.434615091172655843e-01
7.378219967492488651e-01 8.470664530403602122e-01
7.387208786878786126e-01 8.596646829938200396e-01
7.207062995616410062e-01 8.749618524452582591e-01
7.188839087819534068e-01 8.776989394979781700e-01
7.100551642614392200e-01 8.716620889600976696e-01
6.853420676747278284e-01 8.664358739604791637e-01
6.632763630990493597e-01 8.375867856870374828e-01
6.535610500911195331e-01 7.953002212558174522e-01
6.666502487317145231e-01 7.757782101167315369e-01
6.623282273555631816e-01 7.399767299916075736e-01
6.473550706792099430e-01 7.061970702677957679e-01
6.374058020982120709e-01 7.022201876859693881e-01
6.586588188937595456e-01 7.154001678492407645e-01
6.796286263113824333e-01 7.215991454947737749e-01
6.806013889572970488e-01 7.236018921187151731e-01
6.740260060089642291e-01 7.390611886778057915e-01
6.912155839038565119e-01 7.485980773632410212e-01
6.845170664433827268e-01 7.575436789501792667e-01
6.890976702950303290e-01 7.749866483558404129e-01
6.906614785992217787e-01 7.602044708934156958e-01
6.907107324040782093e-01 7.525177386129549006e-01
7.172215928680490959e-01 7.808136873426413382e-01
7.379205043589618374e-01 7.725833524071107350e-01
7.211003300004925620e-01 7.598229953459983976e-01
6.978771610106881962e-01 7.706855115587091243e-01
6.993424617051666736e-01 7.880617227435720018e-01
7.196842831108702931e-01 7.839417868314640936e-01
7.312958676057726981e-01 7.653162432288090899e-01
7.213589124759888227e-01 7.578297856107424346e-01
7.209771954883514855e-01 7.578202487220568884e-01
6.757006353740826476e-01 7.501716639963378341e-01
6.430330493030586014e-01 7.220283054856184712e-01
6.651233807811653964e-01 7.050907911802852812e-01
6.845663202482392684e-01 6.861600671396963502e-01
6.341919913313303070e-01 7.056534676127260708e-01
6.164483081318031799e-01 7.147516594186311689e-01
6.236393636408412711e-01 6.978809033340962475e-01
6.258804117618086416e-01 6.831273365377279472e-01
5.970176821159435265e-01 6.836804760814831905e-01
5.659015908978969334e-01 6.822594796673532302e-01
5.695956262621287847e-01 6.646639200427252314e-01
5.940870807269862386e-01 6.523041123064011737e-01
5.978057429936463052e-01 6.162737468528267648e-01
5.816874353543810550e-01 5.923456931410696624e-01
5.591661330837807142e-01 5.700961318379491605e-01
