4.941455370026798244e-01 5.092142677176689780e-01
4.779426922284065182e-01 5.271029046539250640e-01
4.819006390434961151e-01 4.420688910484828482e-01
4.671614100185528806e-01 4.248461289277616348e-01
4.273964131106987585e-01 4.388295000539898516e-01
5.680478251906823095e-01 4.606953892668178563e-01
5.696351267779838912e-01 4.289853507540581923e-01
4.684394970109255762e-01 4.469639707734945899e-01
4.483199340342197137e-01 4.652125400424719781e-01
4.492681921253349753e-01 4.711334269157397836e-01
4.303442589156875053e-01 5.074865925206062389e-01
4.482374768089053552e-01 5.425080084944030601e-01
4.486703772418058067e-01 5.591188856494978543e-01
4.461966604823747184e-01 5.632221142425224425e-01
4.387961245104102237e-01 5.571392578195299983e-01
4.721088435374150016e-01 5.341395817586293004e-01
4.660688517831375055e-01 5.357772738725119499e-01
5.107400535971964306e-01 5.752078609221465966e-01
5.287363430220574090e-01 5.792930928985350336e-01
5.605648319934034562e-01 5.475470611525032893e-01
5.461760461760462038e-01 5.435338156426592349e-01
5.587301587301587436e-01 6.380700428319475703e-01
5.712224283652855839e-01 7.010761976748371982e-01
6.155844155844155674e-01 7.570636720296584077e-01
6.540713254998967718e-01 8.008674369218586886e-01
6.539682539682538653e-01 8.443292660979735409e-01
6.453514739229024855e-01 8.365547277111902158e-01
6.414347557204700401e-01 8.181801821257603802e-01
6.299732014017728199e-01 7.700032393909944650e-01
5.708513708513707208e-01 7.353597523665550417e-01
5.306534735106164247e-01 6.923838318396141611e-01
5.397031539888682561e-01 6.584062196307093329e-01
5.222222222222222543e-01 6.080336896663428581e-01
5.344671201814059636e-01 5.582910412842385650e-01
5.294990723562151835e-01 5.355973077061513266e-01
5.529787672644814744e-01 5.200842241658568676e-01
5.612863327149041348e-01 5.338696325090882544e-01
5.705009276437847943e-01 5.428679408271244178e-01
5.886209029066171716e-01 5.537378972753121964e-01
5.621521335807050379e-01 5.517762660619803805e-01
5.186353329210472429e-01 5.663895187704710565e-01
5.066790352504637607e-01 5.519562322283410039e-01
5.217893217893218027e-01 5.526041104272396698e-01
5.180169037311894709e-01 5.533239750926824962e-01
5.046588332302617275e-01 5.605406183637475781e-01
5.114615543186971092e-01 5.511643810963537948e-01
5.135848278705421599e-01 5.414642047295108451e-01
5.080601937744795293e-01 5.486628513839398869e-01
5.023294166151308637e-01 5.589929093330453513e-01
5.025561739847453913e-01 5.568153187200806098e-01
4.668728097299525981e-01 5.608285642299247753e-01
4.283652855081426236e-01 5.672893496022747284e-01
