5.040441373399753289e-01 5.233304170312044201e-01
4.626207438355919299e-01 5.260896875070103507e-01
4.945631796025496407e-01 5.265046997330461442e-01
4.860463870587604651e-01 5.219059156067029637e-01
3.920581355901940901e-01 4.805841577495120753e-01
4.551931008623921748e-01 4.532270004710949873e-01
4.805649293838269998e-01 5.103977387441953617e-01
5.340939525416465994e-01 4.951320187540660389e-01
5.014551752459514011e-01 5.154788343764722391e-01
4.380523863088542358e-01 5.376763801960652289e-01
5.051154319995714292e-01 5.051371783655248526e-01
5.062402913921473235e-01 5.014805841577495427e-01
5.511275376292249506e-01 5.030060345020975765e-01
5.459317585301837195e-01 4.875720663122238285e-01
5.660363883086042547e-01 5.195504408102833427e-01
5.728391093970396364e-01 5.704623460528972512e-01
5.895691609977323777e-01 6.387038158691702439e-01
5.538950488331816358e-01 6.221481930143347716e-01
5.742675022765011406e-01 6.789824348879467397e-01
6.250825789633439600e-01 7.067770374856988669e-01
6.426696662917135150e-01 7.607734930569575171e-01
6.803435284875104516e-01 7.826233259304125056e-01
6.981805845697859336e-01 8.204455212329228031e-01
7.404967236238326755e-01 8.331202189469906205e-01
7.382827146606675273e-01 8.602306121991161181e-01
7.725462888567500297e-01 8.576508064697040412e-01
7.908297177138572387e-01 8.501693698544092737e-01
8.099344724766547321e-01 8.326715570810059308e-01
7.866159587194457847e-01 7.963972452161427462e-01
7.510846858428410489e-01 7.707562195751173073e-01
7.272305247558340513e-01 7.438365076160351474e-01
6.914135733033371922e-01 7.101756511205329359e-01
6.519006552752333317e-01 6.738452565224218871e-01
6.140125341475172194e-01 6.368867353119320729e-01
6.162265431106825897e-01 6.538685869394530448e-01
5.971039334368918317e-01 6.819211701101464129e-01
5.834449265270412743e-01 6.792291989142382747e-01
5.925866409555948788e-01 6.797451600601206456e-01
5.941400182120091245e-01 6.841981290800187576e-01
6.004785116146196255e-01 6.920384951881014546e-01
6.228150052671987957e-01 6.639186127375104052e-01
6.227971503562054201e-01 6.296969289095273314e-01
6.509721999035834594e-01 6.200955649774546607e-01
6.621850840073562061e-01 6.288893375507549344e-01
6.836288321102719223e-01 6.433474661821119156e-01
6.162265431106825897e-01 6.231576822128003235e-01
5.872301676576141549e-01 6.304596540817013484e-01
5.674826360990590235e-01 6.233034973192453920e-01
6.308318603031763949e-01 6.266348116741816687e-01
6.544717624582641058e-01 6.422931107970477616e-01
6.576320817040727240e-01 6.328936447046682456e-01
6.133876122627528460e-01 6.036408910424658769e-01
