5.249335548172757715e-01 4.529293381037567401e-01
4.956644518272424471e-01 4.497108995655507147e-01
4.640531561461793131e-01 4.495831203680041299e-01
4.457807308970099802e-01 5.017250191668796155e-01
4.454983388704318870e-01 4.567227830309225634e-01
4.442524916943522140e-01 4.875974316381293527e-01
4.685132890365448777e-01 5.062691668796319711e-01
4.535631229235880246e-01 5.257395221058012158e-01
5.039036544850498123e-01 5.872572195246613669e-01
4.980481727574750939e-01 5.338215563506261141e-01
3.679235880398671332e-01 5.042246997188857272e-01
4.093521594684385589e-01 4.756420904676718076e-01
3.976245847176079762e-01 5.279676718630206267e-01
4.408305647840531361e-01 4.916703935599284758e-01
4.716611295681063520e-01 5.333423843598261715e-01
5.167857142857142927e-01 5.771147457193968044e-01
5.492358803986711058e-01 5.405139918221313344e-01
5.142524916943521651e-01 5.146546767186301885e-01
5.346594684385381768e-01 5.144709941221570215e-01
5.851079734219269968e-01 5.085132890365449132e-01
5.625083056478404897e-01 5.375670840787120097e-01
5.627242524916943323e-01 5.381740352670585370e-01
5.490614617940199338e-01 5.626437515972400050e-01
5.623754152823920993e-01 5.585308586762075533e-01
5.822259136212624142e-01 5.479651162790697416e-01
6.436794019933553823e-01 6.166384487605417464e-01
6.766112956810630408e-01 6.953105034500384196e-01
7.180232558139535426e-01 7.106759519550217563e-01
7.197508305647840610e-01 7.480114362381804494e-01
6.903654485049833811e-01 7.204350881676463425e-01
6.671677740863787287e-01 7.355849092767696717e-01
6.971345514950165745e-01 7.395141196013289564e-01
7.125000000000001332e-01 7.389870304114489752e-01
7.327408637873753516e-01 7.458631484794275845e-01
7.618272425249169588e-01 7.889247380526449582e-01
7.701328903654485192e-01 8.161097623306926563e-01
7.967109634551494679e-01 8.490129056989521583e-01
7.894684385382060299e-01 8.572706363404037910e-01
8.096843853820597792e-01 8.615592256580628661e-01
8.379069767441860161e-01 8.545473421926910174e-01
8.726495016611296451e-01 8.687388193202146836e-01
8.835299003322258926e-01 8.892314081267569392e-01
8.865614617940198450e-01 9.144118962432915554e-01
8.923754152823919483e-01 9.115927676974189264e-01
8.858139534883721078e-01 9.080628673651928162e-01
8.798920265780733052e-01 9.029676718630205157e-01
8.815697674418603302e-01 8.892952977255302871e-01
8.773421926910298652e-01 8.712305136723741406e-01
8.755813953488371659e-01 8.627491694352158458e-01
8.772259136212625652e-01 8.654964221824686943e-01
8.682724252491693662e-01 8.759423715819064649e-01
8.551328903654484836e-01 8.656162151801686244e-01
8.476661129568107134e-01 8.662710835675951904e-01
8.259634551495017574e-01 8.535330948121645500e-01
7.969186046511628208e-01 8.258529261436238222e-01
7.911627906976744784e-01 8.140812675696397216e-01
7.957890365448505587e-01 8.165170585228724853e-01
7.958720930232557889e-01 8.315950038333759231e-01
8.176993355481727566e-01 8.451555711730130982e-01
8.391528239202656891e-01 8.543317147968311209e-01
8.486461794019934946e-01 8.624217352415026738e-01
8.561544850498339354e-01 8.528462816253512546e-01
8.623588039867110533e-01 8.476153207257859368e-01
8.546345514950166589e-01 8.376485433171479977e-01
8.466279069767441712e-01 8.474076795297724729e-01
8.269186046511627364e-01 8.423604012266803220e-01
8.258887043189369059e-01 8.411704574495272313e-01
8.115116279069767291e-01 8.206059928443648621e-01
8.020099667774086560e-01 8.045377587528750318e-01
7.711877076411960408e-01 8.074527216969078491e-01
7.501162790697675220e-01 7.888289036544851029e-01
7.470681063122924792e-01 7.864969332992588491e-01
7.590614617940198983e-01 7.835340531561461042e-01
7.399335548172757404e-01 7.950182085356504169e-01
7.401328903654486036e-01 7.753242397137746211e-01
7.601495016611294897e-01 7.492093662151801947e-01
7.654069767441860073e-01 7.449447354970610835e-01
7.599667774086379390e-01 7.659564272936365548e-01
7.521677740863786932e-01 7.719141323792486631e-01
7.489119601328904086e-01 7.605497699974445025e-01
7.654568106312291675e-01 7.909612190135445475e-01
7.776079734219267792e-01 7.958887043189368793e-01
7.750747508305647626e-01 7.796128290314336962e-01
7.505897009966776556e-01 7.408717735752619049e-01
7.500249169435215801e-01 7.339796831075900974e-01
7.152242524916943012e-01 7.142218246869410647e-01
