5.444327076731400039e-01 5.484329752051954054e-01
5.182326228072551277e-01 5.688582737881046070e-01
4.914727842330020025e-01 5.719597662742679223e-01
4.586459377228858103e-01 5.208536815229869443e-01
4.736509484214042609e-01 4.881337925598451255e-01
4.666088856387060613e-01 5.544731746602923339e-01
5.409658459955039023e-01 4.754108192395345989e-01
5.391601888717351132e-01 4.713925872616049340e-01
4.719807155819181199e-01 4.421083294778868633e-01
4.052075151449491264e-01 4.724378416353947618e-01
4.317777597212065221e-01 4.742970235953323233e-01
5.155963634065526824e-01 5.097756986925752187e-01
5.670305065771060749e-01 5.105467879847153112e-01
5.726822133745023136e-01 5.707602940420500870e-01
5.345286783492682048e-01 5.113607155708631558e-01
5.194333847945613591e-01 4.614455353929984849e-01
4.359578559627312888e-01 4.799174077691529816e-01
4.005489197656257327e-01 4.840213163350982617e-01
3.958000415301138331e-01 4.576243595675045794e-01
4.368155430965214303e-01 4.058928357237100992e-01
4.801964554950660657e-01 4.228568001507908014e-01
5.065861343589466159e-01 4.483284497678164948e-01
5.402706680028528385e-01 4.554995801847186998e-01
5.517004775963092467e-01 4.810312034133552572e-01
5.653693020232387623e-01 5.236467382922942448e-01
6.170381806198821373e-01 5.757466714645556038e-01
6.605725738739469666e-01 6.110796963621720757e-01
6.996289374610655809e-01 6.132987199917749876e-01
7.105892762023419129e-01 6.171284634760705323e-01
6.996018526042089292e-01 6.283606641649103208e-01
6.881720430107525210e-01 6.322332459432136176e-01
6.712981771891335381e-01 5.891893281241967761e-01
6.775006094092792530e-01 5.772802823900340385e-01
6.692036149255617961e-01 6.018523278328963277e-01
6.681292489369193843e-01 6.253191452903580361e-01
6.670548829482769726e-01 6.288233177401942875e-01
6.381192275398824831e-01 6.560941757055467338e-01
6.159006166319077602e-01 6.903905138881748504e-01
6.249559871076081352e-01 6.909217087338713759e-01
6.217328891416809000e-01 6.861580904402062586e-01
6.166499643382717943e-01 7.001148066279408999e-01
6.569341747695530698e-01 7.273685292756901788e-01
6.914673672616307165e-01 7.297503384225226819e-01
6.998275597446800278e-01 7.165475762093249656e-01
7.048563148343760520e-01 6.960965746500111795e-01
6.900499264194722704e-01 6.944772871365172406e-01
6.809042730875832783e-01 7.035161671721585908e-01
6.845697570488339379e-01 7.002261861923610997e-01
6.949342289392668182e-01 6.843760174094827287e-01
7.090634959327574149e-01 6.811717130177007418e-01
7.193467132526204511e-01 6.767508010760978632e-01
6.978232803372967918e-01 6.562226905875699901e-01
6.764804131343500337e-01 6.405695779571274340e-01
6.783402399718316822e-01 6.567881560684727393e-01
6.737448425918401984e-01 6.604208434003323580e-01
6.605274324458528801e-01 6.434397436556487104e-01
6.442313769038398030e-01 6.392158878664815358e-01
6.397623755225120279e-01 6.294230538563032606e-01
6.303007321939636531e-01 6.324131667780462651e-01
6.551375459314030536e-01 6.363971281207697617e-01
6.624233724258101752e-01 6.412207200260456874e-01
6.574036456217328128e-01 6.313936153806611884e-01
6.594891795996857820e-01 6.256532839836186355e-01
6.749636611503841976e-01 6.341695368323652104e-01
6.842898801946498688e-01 6.474065696807690395e-01
6.631275787040799008e-01 6.643362634726434068e-01
6.577467204752489582e-01 6.711732551962851234e-01
6.604371495896643740e-01 6.636251477921143449e-01
6.530520119534501955e-01 6.467211569766444512e-01
6.300569684822548977e-01 6.305882554533148721e-01
6.179861506098607293e-01 6.289089943282100137e-01
5.890956366295603264e-01 6.105999074692849415e-01
5.661908760145536457e-01 5.881783443856132276e-01
5.632386266171917066e-01 5.887095392313096420e-01
5.812410281411662938e-01 5.826436367998081289e-01
5.992614862363785377e-01 5.630065628266420763e-01
6.165506531964645154e-01 5.523912335715142063e-01
6.307521464749058504e-01 5.642060350588598006e-01
6.263373148072911567e-01 5.774859062012713817e-01
6.254074013885503325e-01 5.733220240237153487e-01
6.291451116347517303e-01 5.657567813019414027e-01
6.304090716213897050e-01 5.724995287787659759e-01
5.920208011700658357e-01 5.976284720437292641e-01
5.460397425132941240e-01 6.170170839116503325e-01
5.198125727905528182e-01 6.086207782861257076e-01
5.163095979704414029e-01 5.936959166538151589e-01
