4.578810822258696511e-01 4.729574223245108788e-01
4.409117382326467882e-01 4.766717178046918635e-01
4.097527399798803205e-01 4.977611685219154314e-01
5.439720442632498543e-01 4.839294055987877208e-01
5.880235082331762841e-01 5.177910196082899930e-01
6.043839678085455303e-01 4.786769816222128382e-01
4.922962884523746641e-01 4.824026706468115266e-01
4.096468470376449234e-01 4.772527885699962003e-01
4.661142584846719727e-01 4.655288313641490761e-01
4.691851538094986007e-01 5.067051008898357800e-01
4.788743580240377162e-01 4.570178536841025818e-01
5.357388680044474771e-01 4.866638562590436257e-01
5.639858103457404681e-01 4.467180895304719845e-01
5.246465823052892663e-01 4.274288188312501680e-01
5.237200190607296246e-01 5.122993311989426646e-01
4.345316884629639720e-01 5.261766682997413014e-01
3.892624556573304195e-01 5.465255386298123463e-01
4.340286969873458078e-01 4.978409233328395245e-01
2.846931751998729165e-01 5.280452095842496085e-01
3.408429078201938300e-01 4.998917613280315364e-01
3.937364324667760318e-01 4.616892068953730721e-01
3.792026261449674140e-01 4.930898153106449966e-01
4.372054852544077774e-01 4.889083845093369907e-01
4.797215015619208933e-01 4.977269878886622645e-01
4.369672261343781616e-01 5.019539928676411966e-01
4.363053952454069018e-01 4.915858674475042100e-01
4.894107057764600088e-01 5.044263920062892481e-01
4.877958384073701747e-01 5.671022798482380223e-01
4.167681474029755750e-01 6.107509485125728332e-01
4.668025626092021096e-01 6.127789994189292155e-01
5.126277333615714138e-01 5.675808087137828029e-01
4.853867739715148066e-01 5.701443562077727067e-01
4.798538677397151675e-01 5.910515102143125699e-01
5.555937946735850508e-01 6.190340553042645855e-01
6.041986551596336685e-01 6.355319076211418672e-01
5.926033779848572935e-01 6.141348312046395197e-01
5.744956848626038282e-01 6.172908430083514641e-01
5.804256896277862898e-01 6.394398933564242604e-01
6.050457986975168456e-01 6.473811938155842327e-01
6.296923810028061119e-01 6.705670567056706277e-01
6.271244771535976481e-01 7.073226309972769910e-01
6.734526393815851719e-01 7.214734131641011849e-01
6.282892995181870166e-01 7.340177055680251472e-01
6.422936411288188152e-01 7.475874169695450044e-01
6.942076560597235657e-01 7.637320694094724693e-01
7.266638428548737316e-01 7.704428670715172123e-01
7.320908561444380291e-01 7.870546548325719760e-01
7.681474029755916977e-01 7.910993631008669258e-01
7.782866521946312233e-01 7.782360514532467022e-01
7.638587388150580582e-01 8.013079788991558372e-01
7.876581775824641474e-01 8.291879820893481856e-01
8.215439190977921191e-01 8.342353222664038448e-01
8.202202573198495994e-01 8.431678610899066006e-01
8.050246201090697218e-01 8.580592236438834286e-01
8.134960554879017147e-01 8.455718989620482073e-01
8.231058399957642546e-01 8.423589194362474109e-01
8.305448191878010977e-01 8.384623272453828324e-01
8.008153756552125468e-01 8.136927616812315023e-01
7.865198284534336004e-01 7.854139844364182999e-01
8.085985069095145139e-01 7.904841117023093666e-01
7.785513845502196606e-01 7.349405826658614860e-01
7.269021019749033474e-01 6.851394000159508613e-01
7.058294064700587622e-01 6.591051510214311904e-01
6.982580611002277005e-01 6.228964668618760525e-01
7.066765500079419393e-01 5.813556039148218835e-01
6.756763911685286228e-01 5.376727546172338501e-01
6.384550219727855858e-01 4.963369754696989600e-01
6.033250383861915589e-01 5.050644304936823259e-01
6.732937999682321317e-01 4.999259419612847033e-01
6.460263673426166475e-01 5.228497533297633559e-01
6.178058982368825891e-01 5.458077453314952310e-01
6.327103298565150968e-01 5.518349303284758589e-01
6.503150315031502871e-01 5.280452095842496085e-01
6.213797850373273812e-01 5.169592908657953956e-01
6.382167628527558589e-01 5.146691884378311599e-01
6.732673267326733102e-01 5.129145825975003348e-01
6.378726107904907350e-01 5.263817520992606358e-01
5.863821676285275730e-01 5.432441978375052161e-01
5.944829777095356205e-01 5.356447037108774678e-01
5.614443797320908258e-01 5.331153368501406753e-01
5.899295811934134326e-01 5.070127265891145596e-01
5.376449409646846256e-01 5.147945174264262347e-01
5.227140361094932963e-01 5.138374596953366735e-01
4.964261131995552634e-01 4.898312616071733294e-01
5.072801397786836919e-01 4.687532044343675208e-01
5.913326626780324169e-01 4.889995328646787875e-01
