5.430623139793073761e-01 3.539803136344923384e-01
5.322908300656682412e-01 4.057537083473682360e-01
5.076140533219949402e-01 4.849981910500641424e-01
4.619454811735248523e-01 4.789849919532916389e-01
4.812837593108770240e-01 4.668463141085619217e-01
4.721500448811829509e-01 4.009381588632308646e-01
4.835829357017999430e-01 5.163741157977469465e-01
4.892678855451095266e-01 5.455917761393265231e-01
4.301664540715894880e-01 4.073006724303553927e-01
4.970787861608478853e-01 4.220093067355315530e-01
5.257712476968865456e-01 4.605337026086305241e-01
5.199603155855813119e-01 5.111967763264593234e-01
5.039133241996188728e-01 5.186571353718327781e-01
5.475976756271555557e-01 5.429469665780903842e-01
5.546841782019181766e-01 5.943086692366230661e-01
6.308562069888663526e-01 6.521326895966665926e-01
7.149178753090502658e-01 7.154209863143581316e-01
7.240358419552448410e-01 7.184650124131392035e-01
7.166816270609911443e-01 6.803523085943835591e-01
6.833278216091085433e-01 6.284042566463317048e-01
6.899576384623864467e-01 6.823608667989071730e-01
7.242720587077368100e-01 7.471711765659893034e-01
7.634525440544244201e-01 7.801938695310453031e-01
7.754051117305239549e-01 7.910725201791484196e-01
7.653580258578605022e-01 7.979091033846077430e-01
7.511692729248358180e-01 7.934179173372257754e-01
7.352167682398701443e-01 7.762765572563843364e-01
7.235161650997622429e-01 7.770001372306847287e-01
7.397993732382167620e-01 7.801564429806504553e-01
7.541613517897355345e-01 7.961126289656547117e-01
7.553266877686966030e-01 7.884401861347106744e-01
7.725390151336198885e-01 7.614182167496289511e-01
7.644289066313916248e-01 7.062889080180145829e-01
7.352640115903685825e-01 6.524820040670185062e-01
6.893592226894065256e-01 6.133712589044001406e-01
6.479110565187948811e-01 6.040395723392840699e-01
6.231082975071258190e-01 6.080192621979364498e-01
5.795026849970866811e-01 6.076948987611812125e-01
5.242909560479361852e-01 6.056114874558677919e-01
5.318971354781814043e-01 6.084309542522798875e-01
5.261649422843734936e-01 6.102399041880309793e-01
4.823861041558400453e-01 5.937722220142969132e-01
4.878348372466574934e-01 5.528899534663223037e-01
5.176453914111588395e-01 5.433586586324338219e-01
5.611250216532023272e-01 5.413126738775153601e-01
5.536605722744523117e-01 5.295357860199358946e-01
5.541959969134344632e-01 5.215265042354380043e-01
5.221335097085085808e-01 4.876305250945019987e-01
5.173461835246688789e-01 4.797459984779869346e-01
4.980866443048140857e-01 5.095250570754894515e-01
4.537566337537991545e-01 5.080778971268885558e-01
4.568431993196958030e-01 5.537881906757987638e-01
