5.316529045342605064e-01 4.719307685409379616e-01
5.697884977545993879e-01 4.776851104534720061e-01
5.787882080254962425e-01 5.214778943592501825e-01
5.369585687382297801e-01 5.489791647983738310e-01
4.378168912067216256e-01 5.192807819926464896e-01
4.930465015210777624e-01 5.008220488446477603e-01
5.362161379110532700e-01 4.316802678384599190e-01
5.536179921773142221e-01 4.369264341015752784e-01
4.956540634506736431e-01 5.047977759842166012e-01
4.791213964942778736e-01 5.645831465040505037e-01
5.514088077647399944e-01 5.623860341374465888e-01
5.566601477618426941e-01 5.503093892924401098e-01
5.085470085470085166e-01 5.358562759692703237e-01
5.205888744024336212e-01 5.288165485905599317e-01
5.826271186440677985e-01 5.221205870923384396e-01
6.029805881500797105e-01 5.009864586135772679e-01
6.248008112414891180e-01 5.764505425522374882e-01
6.185897435897436125e-01 6.056706423938063022e-01
6.218491960017383802e-01 6.359668789047319137e-01
6.658880197015790703e-01 6.022030909036558688e-01
6.646747790815588086e-01 6.372223716856485476e-01
6.619585687382297801e-01 6.699698083878875554e-01
6.531218310879328692e-01 6.828685020775415726e-01
6.419853686802838855e-01 6.998326009625444044e-01
6.495002172968274978e-01 7.368397453143215037e-01
6.489569752281616477e-01 7.444922727408602725e-01
6.280240475155729474e-01 7.433862433862433727e-01
6.188070404172099082e-01 7.223417929632618417e-01
5.976205997392437519e-01 7.018354108749588205e-01
5.733195712009271361e-01 6.587152123875287257e-01
5.784441547153412744e-01 6.240845365139149337e-01
5.862306243662176453e-01 5.628493707589752315e-01
5.849992756772417479e-01 5.649866977550593861e-01
6.107127335940895074e-01 6.138911308402833500e-01
6.409713168187745058e-01 6.113054135653004373e-01
6.390880776473997216e-01 5.914267778674557885e-01
6.349956540634505986e-01 5.641198098825216389e-01
6.579385774301028666e-01 5.924281828236630520e-01
6.932130957554686335e-01 6.195856873822975786e-01
7.323989569752281659e-01 6.370579619167189289e-01
7.469759524844270526e-01 6.530356021881444928e-01
7.353686802839345393e-01 6.649179445789614729e-01
7.035528031290743112e-01 6.466385675425223578e-01
6.665761263218891175e-01 6.486862164828266497e-01
6.582283065333913719e-01 6.325740591277314584e-01
6.612523540489642082e-01 6.025020177562550039e-01
6.531218310879327582e-01 5.703225420739544971e-01
6.644031580472258280e-01 5.534182285594714257e-01
6.605099232217875871e-01 5.695453322571966126e-01
6.114189482833550793e-01 5.817116551579829542e-01
5.826633347819788478e-01 6.016351298837174788e-01
5.647544545849630948e-01 5.825486503452605991e-01
