5.133744855967078413e-01 5.645938901752854955e-01
4.973681692027944745e-01 5.591462800765125696e-01
5.520623983156283110e-01 5.457118247815921919e-01
3.986505885730692311e-01 5.123550007270937234e-01
3.455354579385586655e-01 5.269080617917826226e-01
3.519236290554119684e-01 5.901092877837064155e-01
4.064264522920852940e-01 5.517299238229471658e-01
4.766963345774715699e-01 5.500296430528988090e-01
5.647669633457746974e-01 5.387093526628410345e-01
3.791271892047085590e-01 5.076344843786704253e-01
4.892334194659776481e-01 4.231126324149580009e-01
5.629007560532108823e-01 5.062585992818550151e-01
5.817303091204900634e-01 5.449847310312425641e-01
4.712412671069001746e-01 5.525353199771805279e-01
3.685759402813666430e-01 5.733525733525733914e-01
4.305914441573355789e-01 5.304316699665537760e-01
4.642549526270456917e-01 5.278476906383883227e-01
4.968657287778734943e-01 4.902401646587692952e-01
4.583452962005933884e-01 4.813248766737138196e-01
4.552828021820269910e-01 4.481358434846807182e-01
5.288783615657001169e-01 4.867948588878820981e-01
6.008948224710498609e-01 5.144132353434678340e-01
4.717197817973011742e-01 4.857657415796950984e-01
4.590630682361948045e-01 5.058223430316454161e-01
5.356254187003540723e-01 5.260802935221540189e-01
5.633314192745717541e-01 5.806235108560690028e-01
5.024643506555650507e-01 5.941027103817801969e-01
5.094028136663795170e-01 5.680280098884749052e-01
4.631304431046032732e-01 5.531281810351578176e-01
5.258637190161737918e-01 6.389588017494994832e-01
5.499569336778639128e-01 6.984910008165822193e-01
5.601492965834051763e-01 7.460093739163506932e-01
5.323715188056272751e-01 7.378994820855286907e-01
5.825916355632118071e-01 7.509983556495183343e-01
6.058235237821801844e-01 7.306732888128236736e-01
5.978323284524834635e-01 7.018020738950971893e-01
5.807732797396879532e-01 7.123952705348054470e-01
6.453966886783424339e-01 7.266015638108661578e-01
6.368073499856444775e-01 7.403939729521126223e-01
6.197483012728490781e-01 7.222390013087687244e-01
6.632213608957795437e-01 7.258856561182142064e-01
6.564264522920854050e-01 7.070147767822186902e-01
7.033926691549430288e-01 7.366913878541785365e-01
7.439467891664274246e-01 7.822298287414566342e-01
7.347114556416882714e-01 7.964808662483081614e-01
7.675614891377166016e-01 8.242670335693591532e-01
7.984496124031007502e-01 8.389990715572112068e-01
7.873959230548377430e-01 8.516616888709911404e-01
7.591635563211791560e-01 8.428582614629126502e-01
7.442338979806679689e-01 8.346812532859043676e-01
7.416259929179825905e-01 8.206203787599136712e-01
7.454062589721504040e-01 7.920735595154199116e-01
7.519619102306440706e-01 7.920400013423268826e-01
7.549765527801703957e-01 7.959886797096099587e-01
7.147573930519666163e-01 8.034721523093616424e-01
7.094458799885157152e-01 7.999037999037998947e-01
7.305005263661594750e-01 8.013356152891037976e-01
6.668819982773470656e-01 7.872411825900197391e-01
6.898267776820748987e-01 7.650480441178114654e-01
7.110728299358790583e-01 7.440294417038603170e-01
6.655900086132644500e-01 7.507970066109601603e-01
6.576227390180878762e-01 7.594326431535732835e-01
6.212316968130922046e-01 7.724979585444701202e-01
6.111589625801513437e-01 7.455171873776524905e-01
6.025696238874533872e-01 7.451368614159311621e-01
5.829505215810124596e-01 7.508305647840531893e-01
6.313044310460331765e-01 7.685157220040941262e-01
6.066369987558618559e-01 7.668266272917436677e-01
6.075461766676236719e-01 7.727104936407261926e-01
6.291989664082686673e-01 7.791536628745932003e-01
5.951526461862379769e-01 7.615579941161335631e-01
5.642166714518135340e-01 7.507746344955646967e-01
6.037659106134558584e-01 7.523854268040314208e-01
6.383864484639678594e-01 7.478215152633758134e-01
6.626949947363385274e-01 7.460093739163506932e-01
6.777682074839698201e-01 7.249348412139109410e-01
6.318786486745143760e-01 7.142521561126211616e-01
5.618480237343286277e-01 7.070035907245209028e-01
5.249784668389319009e-01 6.846538474445451605e-01
5.150732127476312927e-01 6.674608767632023154e-01
5.126567135611062032e-01 6.187903397205722911e-01
4.994975595750789643e-01 5.850308175889571416e-01
5.425638817111685386e-01 5.709699430629664452e-01
6.146521198200785019e-01 6.134545901987762395e-01
6.216384342999330404e-01 6.105126570242849215e-01
5.932146616901139424e-01 5.649854021947045002e-01
