4.472123682956530843e-01 4.651756314871993148e-01
5.191136760734896827e-01 4.711686358509269423e-01
5.457722242812516056e-01 4.973282138340416325e-01
5.442632498543972241e-01 5.145552529936537889e-01
5.121776883570710037e-01 5.192607868381774461e-01
3.484407264255837133e-01 4.472421925736878023e-01
5.329327050352095085e-01 4.683658239241645371e-01
4.982792396886747133e-01 4.673631920154041053e-01
5.114099645258642912e-01 4.706217457188757169e-01
5.137660824906019608e-01 5.130626986749307061e-01
3.264679409117382525e-01 5.035718761749592431e-01
3.246942341292952672e-01 4.846471988971048361e-01
3.185789167152008883e-01 4.896033907188187539e-01
4.344257955207285749e-01 4.947418792512162655e-01
4.508392015672155195e-01 5.060328817691894798e-01
4.851749880870440124e-01 5.011678383028175254e-01
4.393498173346746527e-01 5.550934840319474706e-01
4.619314872663736748e-01 5.952899087377091503e-01
4.568750992746333783e-01 5.842723512857614931e-01
5.282734155768518125e-01 6.010322551242466282e-01
5.565997776248212681e-01 6.313390832754159909e-01
5.926827976915338692e-01 6.485775159794460176e-01
6.138084396674960974e-01 6.388588225911198126e-01
6.153703605654683439e-01 6.816301883352892110e-01
6.595541907131889925e-01 7.156740990554750770e-01
6.619632551490443051e-01 7.468240494935570739e-01
6.894954201302483376e-01 7.693376932629971687e-01
7.341292952824693963e-01 7.926260980528431199e-01
7.642823105839995357e-01 7.908031309460060720e-01
7.899348758405252413e-01 8.068224543973385732e-01
8.088367660295441297e-01 8.377901081247365322e-01
8.298829882988298934e-01 8.632204992651164588e-01
8.434902313760788140e-01 8.635167314199774236e-01
8.416900513580769516e-01 8.661486401804737723e-01
8.402604966378990348e-01 8.382458499014457942e-01
8.239000370625297887e-01 8.087023892262643621e-01
7.870492931646105861e-01 7.539336212102221157e-01
7.471276539418648666e-01 6.819833882122389168e-01
7.166040133425106706e-01 6.122321092868781012e-01
6.798856356223857977e-01 5.428909979605555103e-01
6.799650553290622623e-01 5.149654205926922357e-01
6.559008842060676248e-01 5.293896478255420979e-01
6.604278074866309911e-01 5.467192288849137549e-01
6.463705194048815494e-01 5.627043717029931447e-01
6.522740509345053006e-01 5.344939557246863870e-01
6.516916397522105608e-01 5.465711128074833836e-01
6.402022555196696940e-01 5.585001538128495646e-01
5.836289511304071365e-01 5.501031115769804414e-01
5.713718430666596682e-01 5.417402499743645405e-01
5.341240006353575875e-01 5.184404516401007745e-01
5.197490337269021765e-01 4.847269537080289847e-01
5.534229893577592430e-01 4.721598742152696704e-01
