4.341722967059893912e-01 4.564038886701596298e-01
4.538686829791951372e-01 4.408370937944818824e-01
4.643353053056556989e-01 4.719908739412661536e-01
4.603330182845007945e-01 4.585945465741946281e-01
4.917678906897235969e-01 4.216259325438889149e-01
5.043465070419248519e-01 4.881734758775250760e-01
4.623283275574380236e-01 5.389725107766235590e-01
4.664122939055553863e-01 4.570499813238843023e-01
4.798310404779407290e-01 4.563433174838729123e-01
4.935298304570541750e-01 4.189507051495603429e-01
4.805194805194804575e-01 4.003755413549773268e-01
5.359797435269133548e-01 4.537690420666888880e-01
5.754191899744460770e-01 4.393732901258871615e-01
5.223159589736409147e-01 4.739392471001544482e-01
4.223637997222902674e-01 5.044570297909285461e-01
4.157244372877796357e-01 4.786335140373723651e-01
4.048494183265072266e-01 4.686897442886418519e-01
4.733083627962333950e-01 4.867197674066446877e-01
4.756303893770200686e-01 5.043661730114984421e-01
4.913711625301921959e-01 5.074956843029770903e-01
5.278934901576410876e-01 4.875778592123726773e-01
5.300054841833816699e-01 5.084143472949917975e-01
5.338327440753316555e-01 5.319462531673683214e-01
5.479982730656585144e-01 5.394469850692025226e-01
5.610202914785125117e-01 5.445955359035705712e-01
5.504603213498091563e-01 5.329557729388130216e-01
5.316740761484697320e-01 5.531057875768495835e-01
5.063651532654227516e-01 5.397296506052071674e-01
5.332843257371560064e-01 5.646849793553205821e-01
5.649875730738264101e-01 5.552560646900269736e-01
5.583948845404370642e-01 5.513290327791069423e-01
5.776828741788311294e-01 5.692278183268220104e-01
5.819535361314337463e-01 5.922145835226183541e-01
5.794331454708813167e-01 5.743763691611900590e-01
5.592816886617425487e-01 5.986856052575789677e-01
5.642407906558850605e-01 6.288399608306328714e-01
5.896547298164548367e-01 6.500499712286865739e-01
6.181608149263135843e-01 6.864633493846976631e-01
6.302960292178620971e-01 6.992842504820457883e-01
6.655348245644742144e-01 6.914705674510635003e-01
6.724658988809931737e-01 6.894818135013175420e-01
6.341699630109334240e-01 6.909153315767688763e-01
6.314395397953349587e-01 6.880180098327224325e-01
6.593855380917374998e-01 6.575809887236641060e-01
6.706806221631018694e-01 6.380265907507798318e-01
6.634695044398548625e-01 6.377237348193464106e-01
6.812055868659643298e-01 6.490202610618128753e-01
6.688603400193696702e-01 6.164632484327206008e-01
6.626060372691100486e-01 6.465570328194877314e-01
6.825241245726419992e-01 6.398336311416659150e-01
6.923373122834037829e-01 6.316969017838214295e-01
6.855462596702488476e-01 6.333525142089907467e-01
6.683119216811939101e-01 6.236308388099781608e-01
6.615442060185995343e-01 6.286077712832006670e-01
6.488255679630342554e-01 6.319391865289681887e-01
6.421161946768415563e-01 6.285371048991994503e-01
6.408559993465654525e-01 6.177857193333131658e-01
6.498407253124234284e-01 6.111834600280647845e-01
6.623726677635033422e-01 5.847643276093561493e-01
6.687553237418467633e-01 5.833610951270480349e-01
6.643213031353192299e-01 6.009570247433295709e-01
6.497707144607414165e-01 6.360883127896058697e-01
6.506341816314862303e-01 6.315353786203902198e-01
6.123382457614263696e-01 6.261041622500176373e-01
5.736922556329564493e-01 6.203095187619249717e-01
5.477182296589304666e-01 6.329789918935562198e-01
5.576014282213742623e-01 6.325448983918351420e-01
5.576947760236169449e-01 6.418425754868408717e-01
5.680213766467134828e-01 6.364214543141826219e-01
5.722803701240357643e-01 6.370473565724784626e-01
5.828870141538604610e-01 6.396519175828059289e-01
6.169006195960373695e-01 6.256902591437253358e-01
5.939253917690575646e-01 6.231967453082568609e-01
6.021750037922544152e-01 6.029457786930756402e-01
6.205061784576609840e-01 5.865915583956711199e-01
6.231082484451757608e-01 5.761026479703605929e-01
6.067373776268655261e-01 5.848248987956430334e-01
5.944388046813922077e-01 5.866824151751011129e-01
6.005414172530075811e-01 5.939711479249321080e-01
6.062239647145306609e-01 5.996749346335947806e-01
5.891296484288397473e-01 6.015223558153386385e-01
5.530623913373239331e-01 5.933755312597797094e-01
5.335060267674822665e-01 5.826544312870368669e-01
5.251980723678837393e-01 5.876010781671159311e-01
5.172168352761343790e-01 5.606569954672562250e-01
5.232261000455070699e-01 5.496330395630798504e-01
