5.301661962997804567e-01 3.608416864004497793e-01
5.721647329361345680e-01 3.605172954444696432e-01
5.858994460123340131e-01 4.024069808933727344e-01
5.706386537054457531e-01 4.859917172175906019e-01
5.357792411414237232e-01 5.377428877282901531e-01
5.228389254729800539e-01 5.532704014878732091e-01
5.198703877913660731e-01 4.534120522053178282e-01
5.491585659036269940e-01 4.451833349552880570e-01
5.714853141005540316e-01 4.183670159275958977e-01
5.856381310755722769e-01 4.658037867237594387e-01
6.247308456151353662e-01 4.521144883813972282e-01
6.037629350893697344e-01 4.325537137357943207e-01
5.856694888679836453e-01 4.442101620873476486e-01
5.979199331033762110e-01 4.460700035683005660e-01
6.009302811748719053e-01 5.094451833349552539e-01
6.329152294345145036e-01 5.671002692444934157e-01
6.331347339813944153e-01 6.217385192634162783e-01
6.417999372844152006e-01 6.371038375450090996e-01
6.502351834430856181e-01 6.354494436695103943e-01
6.833699174244800556e-01 6.428779965614559444e-01
7.181770670011498048e-01 6.793287269817583907e-01
7.220654332601651459e-01 6.863355716309295085e-01
7.056548552315250467e-01 7.028254452265870755e-01
7.049754363959443992e-01 7.192396275991825849e-01
7.310546670847706263e-01 7.462073290729988040e-01
7.444026340545626397e-01 7.571176782257977855e-01
7.369499320581164303e-01 7.466722894432368252e-01
7.286087592766802290e-01 7.172608427677037435e-01
7.191282533709626446e-01 6.708621230306766048e-01
7.110797533186997699e-01 6.039186427482402530e-01
7.129507682659139700e-01 5.723445896995058568e-01
6.999268318177067627e-01 5.449984321103793494e-01
6.895160447371171397e-01 5.493128318249154152e-01
6.543430542489808710e-01 5.608178977303446278e-01
6.254834326330093175e-01 5.785188308949946734e-01
6.056653078289954140e-01 5.861852704879921827e-01
6.218145709208737770e-01 5.852012845881855441e-01
6.104212396780599459e-01 5.570225235453769574e-01
6.068673565380997559e-01 5.043089931986028951e-01
6.008048500052263208e-01 4.802499972967420039e-01
6.140378384028430947e-01 4.655442739589753520e-01
6.139855754154907030e-01 4.814286177701365133e-01
6.313368872164732970e-01 4.667877726235659108e-01
6.350789171109021414e-01 4.807582097944442800e-01
6.312950768265913615e-01 5.174143878202008828e-01
6.057907389986411095e-01 5.623100961278533205e-01
5.780181875195986585e-01 5.848877066640715272e-01
5.635413400229958292e-01 5.807138763637936796e-01
5.608550224730846079e-01 5.912349563694163646e-01
5.716421030626110955e-01 6.099631275613369708e-01
5.909898609804535852e-01 6.085466203868902246e-01
5.972091564753840842e-01 5.855473016078978077e-01
