5.300172874430300052e-01 4.882527856746070594e-01
5.245363822096495987e-01 4.806473221579583566e-01
4.901579443658651281e-01 4.909731072117113349e-01
4.677628477133427554e-01 4.957683887200601269e-01
4.878300330033003007e-01 4.831879227526713061e-01
4.608085808580857368e-01 4.143139561480900235e-01
4.641187333019016203e-01 4.309544815867725198e-01
4.856592802137357223e-01 4.859082442897755816e-01
5.230728429985855854e-01 4.975084142077574878e-01
5.506345277384880887e-01 5.553703885240008908e-01
5.717920006286343337e-01 5.819282423291833872e-01
5.862309445230237115e-01 5.550681305754338046e-01
5.617534967782492616e-01 5.135525928830506626e-01
5.583549426371208213e-01 5.209538280560729318e-01
5.951791607732200839e-01 5.357481292683723417e-01
6.248821310702498133e-01 5.475035127275104108e-01
6.403720729215778285e-01 5.957830931608012470e-01
6.209040546911833713e-01 6.432294219520960921e-01
6.257956152758132884e-01 6.545845178577263113e-01
6.458431557441457471e-01 6.567084926314414872e-01
7.080877730630205091e-01 7.005195569061857253e-01
7.697725129655822451e-01 7.600480345064208887e-01
8.091309130913090231e-01 7.867856092539946555e-01
8.316340562627690947e-01 7.848740319576512636e-01
8.125196448216249756e-01 7.906904551841322792e-01
8.010470689926134646e-01 7.822599091592327136e-01
7.976878044947351976e-01 7.711008724634840217e-01
7.760490334747760510e-01 7.359899356272260329e-01
7.578088165959453448e-01 7.220942391268828642e-01
7.592330661637592959e-01 7.295363199686305533e-01
7.495874587458745131e-01 7.385632127569192740e-01
7.265244381581015265e-01 7.402297160409109233e-01
7.008977683482634502e-01 7.161879554292061023e-01
6.674426371208550535e-01 6.819429467699246183e-01
6.601544082979726724e-01 6.651472077900859592e-01
6.583667295300958955e-01 6.660131359670620199e-01
6.577970297029702706e-01 6.683168316831683553e-01
6.532885431400283771e-01 6.755546841812894998e-01
6.644860914662893414e-01 6.853249681403783544e-01
6.482594688040232977e-01 6.771231578603403856e-01
6.473263397768348471e-01 6.566676469627159562e-01
6.440358321546439946e-01 6.502385387053556398e-01
6.369342291371994369e-01 6.453207201908308654e-01
6.524045261669023654e-01 6.212952978466163012e-01
6.974697469746973244e-01 5.939368689344182162e-01
7.213774948923462604e-01 5.638499493513707828e-01
7.219963067735345463e-01 5.457144724373428346e-01
7.047677982083921933e-01 5.528624644642681218e-01
6.859677039132484611e-01 5.587850864294350295e-01
6.635431400282885139e-01 5.645443257197007014e-01
6.491827754203991496e-01 5.547413652256314442e-01
6.357064277856356860e-01 5.464415253406528228e-01
