5.053073221247563751e-01 4.961857769423559383e-01
5.065028021442494754e-01 5.018483709273182658e-01
4.703414351851851749e-01 5.182252506265664360e-01
4.447718689083820509e-01 5.021851503759399149e-01
4.892559088693957392e-01 4.822760025062655664e-01
5.425423367446393641e-01 5.719689849624060018e-01
4.865679824561403022e-01 5.905936716791979624e-01
5.256228679337232590e-01 5.480498120300751896e-01
4.917839303118908822e-01 5.314849624060151712e-01
5.709673489278752623e-01 5.189692982456139969e-01
4.988425925925925597e-01 4.905466791979950503e-01
4.522417153996101113e-01 4.399357769423558606e-01
4.633589181286549841e-01 4.844924812030075301e-01
4.963983308966861685e-01 4.946585213032581585e-01
4.943043372319688711e-01 4.835682957393483417e-01
5.357044956140351033e-01 5.241149749373433808e-01
5.588831018518518601e-01 5.405310150375940426e-01
5.546570419103313831e-01 4.927709899749372902e-01
5.492126583820662322e-01 4.800830200501253753e-01
5.439738669590643561e-01 4.767230576441102707e-01
5.443241349902534498e-01 4.826441102756892088e-01
5.301687378167641018e-01 4.782346491228070540e-01
5.589592470760234022e-01 4.681782581453634018e-01
5.707465277777777901e-01 4.662828947368420351e-01
5.918082967836256758e-01 5.265585839598997397e-01
5.813611720272904293e-01 5.812813283208020376e-01
5.867294103313840381e-01 5.945410401002506617e-01
5.948160331384015898e-01 5.782816416040099661e-01
5.953109770955165025e-01 5.876566416040099883e-01
6.243146929824561209e-01 6.237233709273184434e-01
6.646868908382066454e-01 6.485197368421051767e-01
6.743421052631577428e-01 6.558505639097744755e-01
6.706414473684210176e-01 6.969689849624060018e-01
7.040158991228071539e-01 7.392465538847117212e-01
7.456368786549708583e-01 7.692825814536340401e-01
7.609268396686159619e-01 7.882753759398496429e-01
7.613456384015594436e-01 7.952850877192982892e-01
7.793615984405457553e-01 8.094454887218045513e-01
7.721430311890837839e-01 8.164395363408520900e-01
7.773285209551656916e-01 8.219611528822056146e-01
7.864202607212474883e-01 8.140350877192982226e-01
7.875700536062378854e-01 7.806234335839599137e-01
7.928926047758284579e-01 7.819078947368420796e-01
7.955500730994152780e-01 7.939066416040099217e-01
7.849887305068227183e-01 7.774827694235588726e-01
7.461394371345029253e-01 7.664317042606515473e-01
7.185291788499025278e-01 7.429511278195487511e-01
6.547042519493178059e-01 7.326754385964912020e-01
6.452241715399610333e-01 7.132988721804510712e-01
6.627984892787524007e-01 7.068609022556391341e-01
6.697353192007797773e-01 7.131657268170426001e-01
6.472724780701752945e-01 7.116619674185463706e-01
6.346704434697856279e-01 7.077537593984961628e-01
6.411047149122806044e-01 7.144188596491227727e-01
6.537219785575048014e-01 7.075736215538847018e-01
6.762152777777777901e-01 6.959429824561402800e-01
6.953277290448343084e-01 6.874530075187970102e-01
6.948708576998050557e-01 6.692747493734335640e-01
6.682885599415204769e-01 6.497885338345864570e-01
6.568667763157894912e-01 6.160009398496240074e-01
6.650295443469785850e-01 6.021146616541352969e-01
6.712201510721247377e-01 5.879542606516290348e-01
6.797788742690058506e-01 5.905388471177944743e-01
6.882538377192981560e-01 5.655545112781954487e-01
6.942997685185184897e-01 5.817825814536341511e-01
6.870431286549706362e-01 6.159461152882206303e-01
6.945053606237816535e-01 5.972509398496240740e-01
7.064601608187134341e-01 5.690789473684210176e-01
7.058433845029239428e-01 5.652333959899749072e-01
6.870888157894736725e-01 5.944235588972430762e-01
6.869289108187135451e-01 5.828712406015037484e-01
7.094450536062377743e-01 5.906328320802005649e-01
7.193210891812864549e-01 6.000626566416040752e-01
6.878350389863547854e-01 5.709351503759398927e-01
6.768777412280700956e-01 5.307957393483709874e-01
6.717455531189083784e-01 5.050046992481203034e-01
6.608796296296296502e-01 5.135494987468671724e-01
6.479197124756334025e-01 4.715852130325814962e-01
6.547499390838207312e-01 4.627584586466165217e-01
6.451099537037037202e-01 4.746788847117794363e-01
6.260051169590643561e-01 5.059288847117794363e-01
6.176824439571150238e-01 4.995692355889724823e-01
6.074256822612086326e-01 4.771459899749372902e-01
6.000015229044834975e-01 4.765429197994988098e-01
5.784676535087719396e-01 4.936011904761904434e-01
5.714546783625730209e-01 4.842026942355889818e-01
