4.110504229047835523e-01 3.875674612338456115e-01
4.243563379888528053e-01 3.868746739195512152e-01
4.841212978384866750e-01 4.262780215362772518e-01
4.495166137841836163e-01 4.893216671370778093e-01
4.405095328041984115e-01 4.984561961699980892e-01
4.591564235933414673e-01 4.818635123461542102e-01
5.013445487619916374e-01 4.293570762664751239e-01
4.846702831461510153e-01 4.741231108716290610e-01
4.525872095728149525e-01 4.654589929780446056e-01
5.015864744907928552e-01 4.277320196033151389e-01
5.482316159708200409e-01 4.912717351328697579e-01
5.639660931786250053e-01 4.634832661928343644e-01
5.713913520856789274e-01 4.390988633156288068e-01
5.572293921150821561e-01 4.789982808611089604e-01
5.371495566245778619e-01 4.775442827940711288e-01
5.621795647197849188e-01 4.878420102806216296e-01
5.767137181193066064e-01 4.948468597918216361e-01
5.784816369067004027e-01 5.136034348566100860e-01
6.143610834550715660e-01 5.618932765418793718e-01
6.482958193373096201e-01 6.317792659875640648e-01
6.785551451089131270e-01 6.681035588740923403e-01
7.063579942496114317e-01 6.720721183041251656e-01
7.273217891338128460e-01 6.719267184974213603e-01
7.241674498236734259e-01 6.986631770713057632e-01
7.163699974876943655e-01 7.115866540083305436e-01
7.025709261102995873e-01 7.098076446086607483e-01
6.783783532301737029e-01 7.106714905190772980e-01
6.699946962436378328e-01 6.968071913033809794e-01
7.012868587805082266e-01 7.015968319947998300e-01
7.608843315871257618e-01 7.362019859903010666e-01
7.816806394283108972e-01 7.493478391022845297e-01
7.628383470889822382e-01 7.286411960417041866e-01
7.306622251584148353e-01 7.153157314037924541e-01
6.963646006829750101e-01 6.918807037350644951e-01
6.682639967991365060e-01 6.763058185581471982e-01
6.737073256971648494e-01 6.683088291894389021e-01
6.580100678322523544e-01 6.508779582445967105e-01
6.229308371560700053e-01 6.478502210932355343e-01
6.030557080514744595e-01 6.425645104730626223e-01
6.036419127020312692e-01 6.489792078276412912e-01
5.974076727675372567e-01 6.431290038402655007e-01
6.156358459491397817e-01 6.273745071374198234e-01
6.432339887039294490e-01 6.317108425491151369e-01
6.338733239664653407e-01 6.345589681745482658e-01
6.185575643662010181e-01 6.293673397822424631e-01
6.182225902801685713e-01 6.239704410745900987e-01
6.178131775083511856e-01 6.199762228551390919e-01
6.155986266062472012e-01 6.175044261411746227e-01
6.191716835239273742e-01 6.213446916241157636e-01
6.110392571019158670e-01 6.200189875041695053e-01
6.398935526793274597e-01 6.372018234846347218e-01
6.557210782443635422e-01 6.442922022938957216e-01
