5.002886002886003380e-01 5.221898283122773377e-01
4.958977530406101231e-01 5.108519598315516275e-01
4.517212945784374045e-01 5.043191879926574028e-01
4.264687693259121559e-01 4.809595795990353473e-01
5.092970521541950735e-01 4.410430839002267844e-01
4.992578849721706624e-01 4.434906237627326275e-01
4.226138940424654100e-01 3.882590073066263248e-01
4.885590599876314388e-01 5.106360004319188128e-01
5.373531230674086778e-01 4.417989417989418022e-01
5.723562152133581105e-01 4.840729942770759520e-01
4.880230880230880253e-01 4.748227333261346161e-01
4.510822510822511400e-01 4.437965662455458093e-01
4.784786641929498763e-01 4.789799517690673802e-01
4.800659657802515135e-01 4.520390166648670105e-01
4.729128014842300387e-01 4.619911456646149661e-01
4.425891568748711036e-01 4.499154159018105004e-01
3.897340754483611391e-01 4.475398625058488733e-01
4.218305504019789764e-01 5.365151351545909275e-01
4.497629354772211263e-01 5.521541950113378894e-01
4.568748711605854496e-01 5.607925709966525840e-01
4.407132549989692949e-01 5.399164956988087294e-01
4.519068233353947805e-01 5.708166864629449222e-01
4.405483405483405779e-01 5.786092214663641764e-01
3.953617810760667872e-01 5.535399344923154219e-01
4.557410843125128119e-01 5.338696325090882544e-01
4.609358895073180640e-01 5.431198934600294237e-01
4.851370851370851445e-01 5.258971313393081548e-01
4.763760049474335401e-01 5.105820105820105814e-01
4.533292104720675897e-01 5.353273584566101695e-01
5.059987631416202891e-01 6.019868264766223831e-01
5.769738198309627419e-01 6.058740956700140456e-01
5.555967841682127872e-01 5.403304178814383185e-01
5.158936301793444201e-01 4.978943958535795300e-01
5.521335807050092859e-01 5.429579239103048405e-01
5.599876314162028912e-01 5.713025951121190049e-01
5.286951144094000909e-01 5.890652557319223659e-01
5.514739229024943068e-01 6.509916135766475875e-01
5.812615955473098284e-01 6.951013209516611058e-01
5.856936714079571393e-01 7.059892740164849245e-01
5.850546279117707638e-01 7.430443076701580551e-01
6.213358070500927255e-01 7.743764172335599882e-01
6.650381364667079520e-01 7.948925601986825962e-01
6.311069882498454575e-01 8.113954576539610386e-01
6.103483817769532749e-01 8.276464024763344751e-01
6.142444856730570057e-01 8.057085267969621434e-01
6.510204081632653406e-01 7.702012021739912395e-01
6.342609771181200173e-01 7.578015333117373853e-01
5.990311276025561682e-01 7.650541698160745474e-01
5.590599876314162886e-01 7.117481913400280913e-01
5.270253555967842063e-01 6.640571572544361478e-01
5.150484436198721205e-01 6.776985926645789915e-01
4.986394557823128904e-01 6.738293200878234801e-01
5.055658627087198376e-01 6.193895547637044974e-01
5.204493918779633521e-01 5.962099125364431762e-01
5.126159554730983503e-01 6.044883561890364021e-01
5.161616161616160436e-01 5.500665874815534595e-01
5.368789940218511303e-01 5.142713169924053584e-01
5.462791177076891103e-01 5.093942338840298234e-01
5.245928674500102140e-01 5.251952632905013685e-01
5.318078746650175548e-01 5.150631681243925675e-01
5.638425066996495261e-01 5.158010294064715451e-01
5.698824984539270222e-01 5.242054493755173850e-01
5.416408987837559863e-01 5.442356836914659102e-01
5.615543186971758693e-01 5.342115682251736830e-01
5.714491857348998893e-01 5.225137674117265041e-01
5.742527313955885226e-01 5.310981535471330783e-01
5.347763347763347941e-01 5.470251592700573484e-01
4.780869923727066317e-01 5.666594680200123246e-01
4.683364254792826697e-01 5.510743980131734832e-01
5.239950525664811565e-01 5.393765971997264153e-01
5.272521129663986228e-01 5.248353309577800108e-01
5.174397031539889058e-01 5.419321167620487767e-01
5.146773861059574795e-01 5.389086851671885947e-01
4.975056689342404193e-01 5.501565705647338822e-01
4.813852813852813606e-01 5.459453622718928312e-01
5.013399299113584506e-01 5.467012201706078489e-01
5.292104720676149565e-01 5.268149587877478668e-01
5.074211502782931538e-01 5.305042651981426438e-01
4.872809729952586877e-01 5.469531728035129658e-01
4.973613687899401947e-01 5.496706619155597995e-01
5.025974025974024872e-01 5.568513119533528011e-01
5.000618429189858105e-01 5.573192239858906216e-01
4.911152339723768301e-01 5.402584314148940470e-01
4.794063079777365344e-01 5.553755893891948459e-01
4.480519480519479791e-01 5.631501277759780599e-01
4.082044939187796651e-01 5.590468991829535828e-01
