5.467766227994370620e-01 4.920560234633541974e-01
5.282585615169995696e-01 4.963377719223953100e-01
5.342172621252149201e-01 5.151978544205524368e-01
5.035019711447453750e-01 5.458601922865791156e-01
5.415092631457659733e-01 5.568468765193933523e-01
6.237952972354591230e-01 5.559842532034693363e-01
5.646033431273301817e-01 5.231339889270534282e-01
5.828580364270841141e-01 5.168603648112423121e-01
5.378632626354904467e-01 4.872959111654825981e-01
5.091890735208184360e-01 5.358145516711365630e-01
4.993786161658559930e-01 4.767483806207750696e-01
4.255615087693307430e-01 4.731332047240389693e-01
4.049365036254248817e-01 5.150488558478018009e-01
4.386229146605433171e-01 5.002979971455010499e-01
4.819880990592824710e-01 4.884173214761837190e-01
5.313202143156958712e-01 4.916247118053921339e-01
5.325465214850662043e-01 5.157860066814097255e-01
5.900924257014230623e-01 6.060791417682209747e-01
6.519015991374698116e-01 7.066296522843833472e-01
7.221056270215550077e-01 8.245032073903292291e-01
8.033134984321373961e-01 8.885961197634845155e-01
8.478309177551172082e-01 9.375068617763767653e-01
8.817724665234603076e-01 9.571040951081416503e-01
9.112696805840185821e-01 9.663420066186734214e-01
9.409973416294247217e-01 9.644991295346538873e-01
9.455980510769281810e-01 9.601938549851785076e-01
9.419849715644880161e-01 9.545711193713828369e-01
9.356229887327884853e-01 9.499913737668407299e-01
9.306107668123420051e-01 9.402358882667545270e-01
9.071792466029645619e-01 9.129848335137000781e-01
8.716904109363555753e-01 8.814049781207358158e-01
8.292717052253854026e-01 8.432299753760252869e-01
8.069677291918718742e-01 8.145359870763343446e-01
7.990502292124473938e-01 8.093367210903558151e-01
7.948198809905927531e-01 8.008438024435765579e-01
8.029431372064887995e-01 7.912137894258065574e-01
8.155518793774638731e-01 7.848774290688373956e-01
8.168851797897993539e-01 7.800310544393732615e-01
7.811329761405068073e-01 7.685973744883076719e-01
7.551171576010469177e-01 7.809564139964553231e-01
7.117437429528488124e-01 7.692953151711915405e-01
7.082705776812094900e-01 7.748082623629605203e-01
7.105338962823963822e-01 7.528662620179110698e-01
6.987481790573073503e-01 7.175379162157499158e-01
6.949540340567723629e-01 6.951175520318700896e-01
7.027563105437725222e-01 6.971015856584952264e-01
6.827485741092811367e-01 6.822958327451812410e-01
6.413668798301277452e-01 6.757085274235794525e-01
6.483214406228652305e-01 7.043397794821123492e-01
6.543542134762104778e-01 7.145422607004501270e-01
6.327991901434533162e-01 6.802176947568187027e-01
5.896644527295622495e-01 6.211828918270361211e-01
