5.063016079965232397e-01 4.576420649866977386e-01
5.330653339127915391e-01 4.714225928915193875e-01
5.478958423873677708e-01 5.161121573550951913e-01
5.893089960886571665e-01 4.955160972110124185e-01
5.737179487179486781e-01 4.902998236331569393e-01
4.845357091119802950e-01 5.500254087824709703e-01
4.667535853976531590e-01 5.897527874929004987e-01
5.520788063160944059e-01 5.325082952201595221e-01
4.117593799797190091e-01 5.289062266463395723e-01
4.014377806750688005e-01 5.109108301198697077e-01
5.140337534405330366e-01 4.078109586584162671e-01
5.889830508474575010e-01 4.073326756942575733e-01
5.634506736201650989e-01 4.507518010342868586e-01
4.832138200782268855e-01 4.530983768271903411e-01
4.636571056062581131e-01 5.286820315068903042e-01
4.456214689265537432e-01 5.721758885600694011e-01
4.953281182094741997e-01 5.394882372283501537e-01
5.747320005794581688e-01 5.287866559052999404e-01
6.114370563523106039e-01 5.915911876363854072e-01
5.455055772852384077e-01 5.391743640331210230e-01
4.971932493118934038e-01 5.567213702806923514e-01
4.678581776039402729e-01 5.182943233790691107e-01
5.278321019846443640e-01 5.227632798254265856e-01
5.784441547153411634e-01 5.324485098496397617e-01
5.928762856728958530e-01 5.420291154754431906e-01
5.838403592640880602e-01 5.005978537051982702e-01
5.944154715341156692e-01 4.888201357127911484e-01
6.208894683470955744e-01 5.907242997638476600e-01
6.059140953208749236e-01 6.234119510955669075e-01
5.926589888454295574e-01 6.186291214539801908e-01
6.129400260756193708e-01 5.951334708396854856e-01
6.364080834419817423e-01 6.026365348399246313e-01
6.594596552223671582e-01 5.906794607359580063e-01
6.639142401854266629e-01 6.032343885451230125e-01
6.388164566130668520e-01 6.258183122589902059e-01
6.521077792264232675e-01 6.904014587630407096e-01
6.514377806750687450e-01 6.650823543478910915e-01
6.339816022019411079e-01 6.470271724509012445e-01
6.085759814573374893e-01 6.520491435745672248e-01
6.282051282051281937e-01 7.086210504289599532e-01
6.528321019846444750e-01 7.177682121184945085e-01
6.322251195132552182e-01 7.253011688039936455e-01
6.166702882804577790e-01 7.353002720234358414e-01
6.153302911777488449e-01 7.233581442620991009e-01
6.236781109662465905e-01 7.225211490748213450e-01
6.303237722729247983e-01 7.170657340148864911e-01
6.134832681442851099e-01 7.044958598630914892e-01
5.842568448500652378e-01 6.907302783008998359e-01
5.627987831377663230e-01 6.565330463635546954e-01
5.578914964508184804e-01 6.430215526260724124e-01
5.713457916847748397e-01 5.960153050548530063e-01
5.706395769955091568e-01 5.721459958748094099e-01
5.964073591192234902e-01 5.444653693241263692e-01
5.898160220194118564e-01 5.599946193166531749e-01
5.670541793423149457e-01 5.852389920186530370e-01
6.192597421410980241e-01 5.953427196365048690e-01
6.397399681297986085e-01 6.317520102830836981e-01
6.238048674489352630e-01 6.136519893582039753e-01
6.211791974503839686e-01 5.728335276357876538e-01
6.341988990294075146e-01 5.597554778345739113e-01
6.222837896566709714e-01 5.514602576749469964e-01
6.072178762856728085e-01 5.725196544405584120e-01
6.503150803998262175e-01 6.089887304576570015e-01
6.755215123859191761e-01 5.927868950467820586e-01
6.991525423728813804e-01 6.160882432068871539e-01
7.068484716789801281e-01 6.155501748722088662e-01
7.330327393886715281e-01 6.330075030640002209e-01
7.442959582790091844e-01 6.590888709532777279e-01
7.324532811820948508e-01 6.410336890562878809e-01
6.948609300304215974e-01 6.168654530236450384e-01
6.762639432130957973e-01 6.466385675425223578e-01
6.728777343184122461e-01 6.442322063790989484e-01
6.521802115022453661e-01 6.203479508564253564e-01
6.482326524699405512e-01 5.946551878755268472e-01
6.424561784731276370e-01 6.236211998923861799e-01
6.352853831667391038e-01 6.237706633186859140e-01
6.399753730262205398e-01 5.555256628702955890e-01
6.536650731565984973e-01 5.272770752996740473e-01
6.443756337824134706e-01 5.611604340417900572e-01
6.583188468781689950e-01 5.546139359698681881e-01
6.391424018542662955e-01 5.513556332765372492e-01
6.298167463421701084e-01 5.785729232056915361e-01
5.925322323627408849e-01 5.886915971661733638e-01
5.796755034043170607e-01 5.978387588557079191e-01
5.639033753440534369e-01 5.793501330224494206e-01
5.596841952774156415e-01 5.825337040026306035e-01
