3.695973797582603471e-01 3.831028318750587802e-01
4.115714937052786238e-01 3.849588176429836195e-01
4.625154692893896913e-01 4.166730813640212583e-01
4.778963627397158631e-01 4.343348814136283043e-01
4.526430385871537676e-01 4.607292227952685115e-01
4.914535083883093680e-01 4.786561636688647647e-01
3.748732216132724115e-01 5.098486986717299940e-01
4.395139153818239386e-01 5.147580803804343574e-01
4.248215797750090617e-01 5.045287763323326180e-01
4.428543514064259834e-01 4.771080833739597682e-01
5.639195690000093908e-01 4.184007731848544687e-01
5.162508955904383523e-01 4.443845739358017188e-01
4.944589703268788550e-01 5.354219587919842871e-01
4.415981985838040025e-01 5.047425995774852403e-01
4.593425203078039254e-01 4.515006115344811222e-01
4.885597044784174003e-01 4.500979310462799310e-01
5.282820481804393342e-01 4.885519034545283690e-01
5.227270612537335825e-01 5.032287310018046522e-01
5.376241032464571523e-01 4.898519487850563348e-01
5.762019521545347356e-01 4.545454545454545303e-01
5.724800178652845739e-01 4.455221136000137028e-01
5.668319825813474822e-01 4.726434540151728259e-01
5.301430153250644706e-01 4.907414534848912324e-01
5.139526011668263950e-01 4.860886596703700713e-01
5.511254198807120641e-01 5.018517093030216980e-01
5.541029673121121712e-01 5.088137941651912355e-01
5.705166975277051744e-01 5.000042764649030858e-01
5.735035497948284267e-01 4.853360018474328075e-01
5.771324357268473593e-01 5.065558206963794996e-01
5.888006997236463480e-01 5.267492879685935492e-01
5.969517358171041455e-01 5.729008972023366120e-01
6.095597882219390140e-01 6.107476115943515360e-01
6.422848954601706462e-01 6.306331733935459649e-01
6.709903136660122502e-01 6.598157698919765446e-01
6.751309655628030537e-01 6.787006389038564569e-01
7.010821523945995892e-01 6.780933808876230540e-01
7.170957746740981298e-01 6.567452680915847330e-01
7.196173851550650147e-01 6.631856242355819164e-01
7.239999627806570359e-01 6.793934262181510197e-01
7.093169320095653596e-01 6.964308623919124308e-01
7.114291297187147478e-01 6.940018303269784861e-01
6.988396869853263915e-01 6.960374276208315392e-01
6.771594197504442469e-01 7.007671978036076332e-01
6.761638023280698295e-01 6.962940155150146859e-01
6.659470927040782584e-01 7.041798167962435295e-01
6.505941137609215774e-01 6.828145981405930875e-01
6.579449339821905607e-01 6.698740153439559641e-01
6.988862111639418950e-01 6.868344751494623868e-01
7.456895348512622146e-01 7.180697748013581405e-01
7.703659591889905345e-01 7.392639348608864847e-01
7.590419741139469156e-01 7.325755437525123259e-01
7.577579067841556659e-01 7.341407299070297210e-01
7.557759767751300872e-01 7.146486028789161837e-01
7.283081017204642293e-01 7.046074632865487741e-01
6.965972215760531938e-01 7.058647439680462154e-01
6.760149249564999518e-01 6.954900401132408927e-01
6.645513673456094894e-01 6.807020244784851570e-01
6.673428180625470274e-01 6.709089198504947227e-01
6.652213155176746051e-01 6.538458248873151302e-01
6.750193075341255344e-01 6.531017199941838713e-01
6.542974383787254489e-01 6.613125326080449007e-01
6.286998353044077614e-01 6.411532770550553151e-01
6.027393436368880808e-01 6.272975307691650571e-01
6.124349824603846359e-01 6.364491656616975135e-01
5.944952591861990543e-01 6.394597969534465687e-01
5.869397325790213227e-01 6.551458702178430960e-01
6.049631993747148773e-01 6.414013120194321793e-01
5.980497064324330481e-01 6.235000299352542186e-01
6.005154878990611733e-01 6.259974854386369802e-01
6.189948916451880612e-01 6.233460771987443527e-01
6.503149686892277792e-01 6.203611046964137010e-01
6.538601110997385168e-01 6.293416809928240596e-01
6.198323268602692337e-01 6.388953035862434682e-01
5.882331047445357175e-01 6.315397839529932611e-01
6.145099608266416658e-01 6.165037333538603281e-01
6.211443086972300298e-01 6.201814931704855427e-01
6.053167831321938364e-01 6.214045621327586311e-01
5.906523620325483392e-01 6.198564818378534680e-01
6.244382205432162936e-01 6.069672166200532626e-01
6.283834708898214938e-01 6.143569479725280447e-01
6.046282252886825415e-01 6.129799262737449794e-01
5.947837090936159976e-01 6.143997126215585691e-01
6.098575429650788804e-01 6.121160803633284297e-01
6.143145592764559515e-01 6.229954070766940966e-01
6.352225251463184952e-01 6.417519821414825465e-01
6.691200416856639688e-01 6.429921569633677558e-01
