4.586304470854555282e-01 3.965053763440860024e-01
4.898509715148084975e-01 3.940412186379927961e-01
4.860592341067723199e-01 4.556805319750990568e-01
5.538954914167137922e-01 5.206682701377098876e-01
4.922278815317864265e-01 5.196661007357102902e-01
5.511412940954536488e-01 5.611087530654593758e-01
5.240709300132050386e-01 5.151858139973590767e-01
4.519713261648745650e-01 4.141081871345029253e-01
4.465383889832106323e-01 4.447274099226561361e-01
3.368798339935861197e-01 4.830810224485945770e-01
4.581211092246746386e-01 4.838473872854178737e-01
4.681192227881531553e-01 5.345453687983399149e-01
3.547255234861347306e-01 5.345453687983399149e-01
2.944350122618373811e-01 4.718920958309752445e-01
3.705904546312016601e-01 5.434234106772306561e-01
5.620260328239954362e-01 5.791006413884172144e-01
6.056970382946614828e-01 5.353117336351631561e-01
5.639690624410488295e-01 5.016860026410110418e-01
5.429352952273156507e-01 4.745331069609507457e-01
5.743067345783814392e-01 4.977598566308243933e-01
5.286926994906621102e-01 4.854036974155819806e-01
4.917751367666478579e-01 4.905442369364271249e-01
5.638747406149783314e-01 5.147377853235238776e-01
6.202225995095265176e-01 5.131578947368420351e-01
5.909639690624410857e-01 5.021694019996226777e-01
5.738917185436709367e-01 5.359719864176570869e-01
5.689115261271457946e-01 5.645632899452932563e-01
5.848330503678551562e-01 5.867996604414260631e-01
5.949820788530466587e-01 5.993444633088096385e-01
5.666478023014525078e-01 6.100499905678173906e-01
5.664780230145255446e-01 6.284427466515751792e-01
5.953593661573287621e-01 6.462106206376155848e-01
5.897566496887378662e-01 6.435931899641578191e-01
6.069986794944349784e-01 6.293623844557630909e-01
6.505564987738161609e-01 6.231135634785890387e-01
6.552725900773438417e-01 6.184446330880964959e-01
5.863044708545557260e-01 6.248938879456706896e-01
5.880777211846821562e-01 6.586846821354460646e-01
6.028673835125448743e-01 6.701094133182420309e-01
6.000188643652141218e-01 6.355050933786077216e-01
6.170533861535558717e-01 6.004527447651386574e-01
6.409545368798340581e-01 6.255659309564234327e-01
6.354272778720996273e-01 6.333592718355027795e-01
6.360309375589511260e-01 6.150608375778154890e-01
6.355970571590267015e-01 6.308479532163742132e-01
6.301829843425768019e-01 6.416595925297113867e-01
6.013016411997735844e-01 6.308951141294094622e-01
5.464817958875684001e-01 6.075150914921713108e-01
5.105451801546878610e-01 6.269925485757404937e-01
4.831352574985851578e-01 6.211445953593661695e-01
4.949632144878324813e-01 6.184092624033201702e-01
4.881343142803243884e-01 6.176546877947557412e-01
4.765327296736464602e-01 6.212742878702131044e-01
4.397472175061309385e-01 6.020326353518203888e-01
4.528956800603659572e-01 5.826730805508394395e-01
4.689115261271458168e-01 6.081753442746651306e-01
5.256178079607620734e-01 6.099674589700057048e-01
5.323146576117713247e-01 5.789945293340879040e-01
4.779475570647048199e-01 5.669802867383512135e-01
4.686474250141482445e-01 5.754338803999244911e-01
5.076966610073571085e-01 5.522778720996038837e-01
5.271458215431050753e-01 5.355475382003395124e-01
5.113563478588946110e-01 5.346750613091869608e-01
4.806262969251083872e-01 5.572769288813431698e-01
4.786078098471986952e-01 5.626296925108469349e-01
5.071873231465761078e-01 5.265633842671194609e-01
5.290888511601584687e-01 5.460172608941709083e-01
5.095076400679117157e-01 5.620755517826825365e-01
5.358045651763817530e-01 5.779451990190529465e-01
5.588190907375967242e-01 5.917751367666477247e-01
5.595548009809470091e-01 5.950174495378229844e-01
5.812299566119599747e-01 5.888157894736841813e-01
5.949632144878324036e-01 5.868232408979436876e-01
6.129220901716656567e-01 5.972340124504810221e-01
6.110356536502546954e-01 6.037422184493492772e-01
5.698358800226372978e-01 5.842293906810036574e-01
5.428787021316732186e-01 5.919048292774947706e-01
5.449915110356536863e-01 5.998514431239390099e-01
5.616110167892850447e-01 6.128796453499339991e-01
5.889077532541029392e-01 6.270868704018109918e-01
5.852103376721373706e-01 6.310365968685154314e-01
5.994340690435766561e-01 6.357762686285606257e-01
6.221656291265799110e-01 6.189280324467081318e-01
6.574042633465383423e-01 6.094368986983588199e-01
6.621014902848518791e-01 6.009715148085267300e-01
6.312393887945670912e-01 5.745731937370307518e-01
