5.177089822413621922e-01 5.644802001405095915e-01
5.151359208399917122e-01 5.652598570914511011e-01
4.554047831857208628e-01 5.657824842783460983e-01
5.250309218782445164e-01 4.774584896931064470e-01
5.487211433420907669e-01 4.212803509313045036e-01
4.596119642841021147e-01 4.561849928888431771e-01
4.202576672715617745e-01 4.753422779691222066e-01
5.436562751099194291e-01 5.192172586918898380e-01
5.756073779150077119e-01 5.347846947343168900e-01
4.880239791266036131e-01 4.931972789115646183e-01
3.950145806812743743e-01 4.758906081324216775e-01
3.979487735073986565e-01 4.364793776452646767e-01
4.721793378655326778e-01 4.178275844342774770e-01
5.229002464721973498e-01 4.469747596771705966e-01
5.704070853985536704e-01 5.064600147363731431e-01
6.236649422641133977e-01 5.679329666375365626e-01
6.917201592589583559e-01 6.201100087390120086e-01
7.107608136291000411e-01 6.250792508439143580e-01
6.924875635365599358e-01 6.177453349097825619e-01
6.821953179310780158e-01 6.023920903373943814e-01
6.829898070655364695e-01 6.138384824962730413e-01
6.632900878452190341e-01 6.546205383916791076e-01
6.438160757653729194e-01 6.823454822735139924e-01
6.276464162220236620e-01 7.033276786785243040e-01
6.464703917373130215e-01 7.180469164995972875e-01
6.813827722253821273e-01 7.341369797289193366e-01
7.076189702337423171e-01 7.230846998749121957e-01
7.036465245614511588e-01 7.068061481519559708e-01
6.971010174877892984e-01 7.038246028890147166e-01
7.082509502270613044e-01 6.996607207114583504e-01
7.157715121475582976e-01 6.787127949416542627e-01
7.013984814423588343e-01 6.686029575558182225e-01
6.838023527712324690e-01 6.620658338902312146e-01
6.682466166499643201e-01 6.565482616220290613e-01
6.458113268871374935e-01 6.419061327301701647e-01
6.557424410678657223e-01 6.434654466320534061e-01
6.637685869830177721e-01 6.417519148717421018e-01
6.776540902647996134e-01 6.379478743638512528e-01
6.815362530809024877e-01 6.449133809695162256e-01
6.834683062033349854e-01 6.681231686629311994e-01
6.683910692198657966e-01 6.671807261947599876e-01
6.542798587976129676e-01 6.498911907332202142e-01
6.182569991784259145e-01 6.214551311708562675e-01
5.832904489766438383e-01 6.067701639849895079e-01
5.738468622193331203e-01 5.820267653660960994e-01
5.966342551212949763e-01 5.754211004300964216e-01
6.237732816915395606e-01 5.744186843503144013e-01
6.345530547204392136e-01 5.818554121900648690e-01
6.331175573070428886e-01 5.799362566185164436e-01
6.016720384966098845e-01 5.919995202111071331e-01
5.468161750765146989e-01 6.126561455816582624e-01
5.161019474012080721e-01 6.054764475059545292e-01
