5.874812818209044218e-01 4.926821326821326785e-01
6.044524308675252033e-01 5.027920227920228413e-01
6.069282220225616920e-01 5.265120065120065806e-01
5.209144454427473425e-01 5.578835978835978704e-01
5.347708894878706598e-01 5.382010582010582356e-01
5.120295497653988281e-01 5.573300773300773336e-01
4.533093740640910529e-01 5.231094831094831310e-01
4.895877009084556031e-01 5.390801790801791338e-01
4.879504841768993462e-01 5.026455026455026731e-01
5.667365478686233748e-01 4.767928367928367939e-01
5.437356493960268100e-01 4.804395604395604868e-01
5.387241689128481337e-01 4.556613756613756561e-01
5.433762603573923933e-01 5.002849002849003579e-01
5.142258161126086469e-01 5.528042328042328535e-01
4.566636717580113691e-01 5.375661375661375807e-01
4.689827293600878910e-01 5.432478632478632274e-01
5.144853748627333800e-01 5.578021978021978633e-01
5.524408505540581160e-01 5.736263736263735868e-01
5.824498352800239198e-01 5.555392755392756232e-01
5.693521014275730874e-01 5.631908831908831736e-01
5.459518818009384544e-01 5.589906389906390549e-01
5.388639313167615796e-01 5.505901505901505955e-01
5.241689128481581417e-01 5.732356532356532863e-01
5.789957072975940866e-01 6.453235653235652736e-01
6.126784466407106944e-01 6.836955636955636129e-01
5.840271538384744776e-01 6.948310948310948421e-01
5.594888689228312284e-01 6.947822547822547490e-01
6.076669661575322401e-01 7.044037444037445361e-01
6.431266846361185507e-01 6.899308099308099074e-01
6.399121493461115140e-01 6.953846153846153788e-01
6.850753718678246340e-01 7.125763125763125982e-01
7.440950384346609603e-01 7.627350427350427786e-01
7.517620045921932226e-01 8.030769230769231326e-01
7.607067984426474361e-01 7.901831501831502180e-01
7.911949685534590548e-01 7.637118437118437519e-01
8.033143655785164317e-01 7.837688237688238413e-01
7.998602375960867095e-01 7.968742368742368631e-01
8.070480183687730458e-01 7.914204314204315027e-01
8.029949086552859994e-01 7.993487993487993215e-01
7.958670260557052512e-01 8.020512820512821772e-01
8.024158929819307229e-01 7.766056166056165555e-01
7.979235299990017349e-01 7.638095238095238271e-01
7.695717280622941248e-01 7.881807081807081783e-01
7.530398322851152848e-01 7.913878713878713667e-01
7.700309473894380030e-01 7.914692714692714848e-01
7.810921433562942884e-01 7.539763939763939327e-01
7.700708795048417654e-01 7.375986975986976724e-01
7.756414096036737815e-01 7.221164021164021563e-01
7.749425975841071068e-01 7.270329670329671590e-01
7.611260856543875519e-01 7.445828245828246539e-01
7.115303983228511431e-01 7.326495726495726446e-01
6.863531995607466962e-01 6.982987382987383418e-01
6.955974842767295163e-01 6.904029304029304370e-01
6.907257661974643970e-01 6.942938542938543733e-01
6.732155335928921014e-01 6.901261701261700576e-01
6.492762304083059544e-01 6.879609279609278927e-01
6.750923430168712658e-01 6.838420838420837811e-01
6.862134371568333613e-01 7.047944647944648366e-01
6.758909853249476241e-01 7.173300773300773647e-01
6.873515024458420886e-01 7.142531542531541655e-01
7.139063591893780591e-01 6.895563695563695639e-01
7.028850953379255362e-01 6.761904761904762307e-01
6.991913746630727955e-01 6.551404151404150999e-01
6.653089747429370426e-01 6.736833536833537472e-01
6.480782669461914169e-01 6.789092389092389324e-01
6.223619846261355670e-01 6.841025641025640924e-01
6.063292402915044788e-01 6.871469271469270446e-01
6.202655485674353208e-01 6.993894993894993473e-01
6.069082559648597552e-01 6.952869352869353037e-01
6.142757312568634109e-01 6.794627594627594691e-01
6.176300289507836716e-01 6.651037851037852056e-01
6.389338125187182804e-01 6.272853072853072920e-01
6.030348407706898062e-01 6.383882783882784961e-01
5.306179494858740409e-01 6.474399674399674565e-01
5.576120594988519530e-01 6.597639397639397663e-01
5.818708196066687544e-01 6.570126170126170395e-01
5.698113207547169656e-01 6.452096052096053524e-01
5.638814016172506438e-01 6.821815221815220598e-01
5.414395527603075298e-01 7.085714285714285188e-01
5.492462813217530160e-01 7.032478632478633696e-01
5.636617749825297841e-01 6.476353276353276067e-01
5.787561146051711791e-01 6.328530728530729066e-01
5.940900469202355927e-01 6.504029304029304015e-01
5.885993810522112124e-01 6.743833943833945632e-01
5.842467804731955594e-01 6.498331298331299077e-01
5.277228711190975474e-01 6.139519739519739838e-01
