2.929839391377853097e-01 4.129332206255282856e-01
1.016060862214708121e-01 4.286816862067698297e-01
1.115807269653423528e-01 4.166268514094600972e-01
1.530008453085376363e-01 5.312396633466867080e-01
3.673710904480135264e-01 5.165570215737439463e-01
3.227387996618765742e-01 5.608622147083685006e-01
1.901944209636517169e-01 5.719798596052777517e-01
1.345731191885038147e-01 5.485684883678194623e-01
6.255283178360100671e-02 5.237421441434819691e-01
5.572273879966187504e-01 4.647359329633577452e-01
5.049873203719357218e-01 4.369326325848065240e-01
5.560439560439560669e-01 5.013047153515380883e-01
3.504649196956888813e-01 4.717005402624131483e-01
1.305156382079459276e-01 4.105994340108052310e-01
2.094674556213017569e-01 4.734279098827594012e-01
2.196111580726965717e-01 5.325995075158954650e-01
2.201183431952662695e-01 5.459406813921863222e-01
4.147083685545224219e-01 5.205998015362564013e-01
5.459002535925613353e-01 5.274909037450843385e-01
6.983939137785292184e-01 5.530522988716968236e-01
6.420963651732882749e-01 5.211327134404057926e-01
4.899408284023668569e-01 4.949097725017457261e-01
4.620456466610313173e-01 5.119813297070822111e-01
5.364327979712595340e-01 5.320849718843030374e-01
5.262890955198648024e-01 5.866992539233342185e-01
3.455621301775148035e-01 6.327134404057480621e-01
3.411665257819104236e-01 6.756771656437208229e-01
4.502113271344040379e-01 7.005586386857288739e-01
4.285714285714285476e-01 6.923995736704766646e-01
5.027895181741335318e-01 6.627035172185674616e-01
5.896872358410819581e-01 6.532397368517769420e-01
5.450549450549450059e-01 6.396412951596898155e-01
4.890955198647505831e-01 6.592120254327612505e-01
4.429416737109044822e-01 6.747767282884340467e-01
4.417582417582417431e-01 6.440148480282259502e-01
4.431107354184277702e-01 6.456319600132309766e-01
4.393913778529163761e-01 6.376015289058767355e-01
4.534234995773457344e-01 6.479841229005108838e-01
5.093829247675401017e-01 6.506303061487008765e-01
5.956043956043955978e-01 6.724429416737109921e-01
5.981403212172442529e-01 7.002462420522621578e-01
5.646661031276416498e-01 7.179058399794185918e-01
5.068469991546915576e-01 7.316512918519607611e-01
5.049873203719357218e-01 7.494027711419014581e-01
4.307692307692307931e-01 7.530045205630490068e-01
4.103127641589180419e-01 7.230695725679003871e-01
4.032121724429417187e-01 7.159028262707192170e-01
4.104818258664412189e-01 7.098570325995074981e-01
3.869822485207101148e-01 6.969752655371385108e-01
3.589180050718511761e-01 7.189165349700465946e-01
3.337278106508876352e-01 7.529677680179353016e-01
3.313609467455621016e-01 7.740269763681134618e-01
3.949281487743026564e-01 7.966297916130691270e-01
4.388841927303465673e-01 8.211804917490536093e-01
4.921386306001691024e-01 8.220809291043403855e-01
5.154691462383769185e-01 7.936712117314124182e-01
5.349112426035502743e-01 7.471608658899628885e-01
5.721048182586644382e-01 7.156639347274799112e-01
5.316990701606085779e-01 7.279944136131426546e-01
5.633136094674556782e-01 7.593259583226138476e-01
5.066779374471681585e-01 7.818001396596714336e-01
4.135249366018596828e-01 7.579661141534050905e-01
4.527472527472527486e-01 7.305303392259914208e-01
5.540152155536770540e-01 6.956889264581571641e-01
5.641589180050718966e-01 6.501708993347788956e-01
5.868131868131868378e-01 6.789848947039582860e-01
5.577345731191885037e-01 7.056121136388695536e-01
5.533389687235841237e-01 7.000624793266934098e-01
5.027895181741335318e-01 7.089565952442207220e-01
5.546914623837700953e-01 6.892756073358079494e-01
5.227387996618766408e-01 6.776985556249769393e-01
5.340659340659340559e-01 6.578154287184387883e-01
4.754015215553676899e-01 6.254731890183394816e-01
5.371090448013524643e-01 6.258039619243633833e-01
5.092138630600169247e-01 6.337057591238194343e-01
4.676246830092984363e-01 5.839428130398029992e-01
4.728655959425190347e-01 6.240398397589033141e-01
6.067624683009298359e-01 6.564188320041162150e-01
6.194420963651733336e-01 6.741703112940571341e-01
5.837700760777684295e-01 6.427652614943584197e-01
4.559594251901943895e-01 6.473960821786908237e-01
5.078613693998308420e-01 6.330809658568856690e-01
5.901944209636518224e-01 6.028336212282700002e-01
6.277261200338123404e-01 6.171303612775184133e-01
5.447168216398985408e-01 5.710977985225476061e-01
5.506339814032121804e-01 5.514535631592488718e-01
