5.160889712696942189e-01 4.586072375369096843e-01
4.778683966635773328e-01 4.483910597667952747e-01
5.081927710843373580e-01 5.356596331659374544e-01
5.653938832252085600e-01 5.403582128154836850e-01
5.901946246524559792e-01 5.103993792702113952e-01
5.634847080630214222e-01 4.770351531349009688e-01
4.898424467099166124e-01 3.961031963273486944e-01
4.684708063021315594e-01 4.074401362157036299e-01
4.930676552363299492e-01 5.334827682824320183e-01
4.460611677479147108e-01 5.363062266956915014e-01
5.032622798887859128e-01 5.111537383882578389e-01
5.692493049119554671e-01 4.699010711899476722e-01
5.195922150139018481e-01 4.776817466646550714e-01
5.149768303985171602e-01 4.282173416384680298e-01
4.957367933271547011e-01 3.909520012069745976e-01
6.004077849860982585e-01 4.609349742440243536e-01
6.171084337349398430e-01 5.000323296764876968e-01
5.884337349397589234e-01 5.043429532081815658e-01
5.370528266913807691e-01 4.614306959501692229e-01
5.036886005560703428e-01 4.787594025475784831e-01
4.414087117701575580e-01 4.886091773174989772e-01
4.751251158480073733e-01 4.954846218505506439e-01
4.765523632993512448e-01 4.428519085285686496e-01
4.825208526413345966e-01 4.415156152337434969e-01
4.717330861909174722e-01 4.044442528611763565e-01
5.266913809082484077e-01 4.525939177101967470e-01
5.703429101019463765e-01 5.110459727999654422e-01
5.733456904541242016e-01 5.170377395090198780e-01
5.763484708063022488e-01 5.368019484018363707e-01
6.385356811862835658e-01 4.997521391469276208e-01
6.524374420759962989e-01 5.638080048278982792e-01
6.329749768303984947e-01 6.404724443390736877e-01
6.030583873957368057e-01 6.301916072159837734e-01
5.907136237256719324e-01 6.210961915641096676e-01
6.059870250231695898e-01 6.510550251093820684e-01
6.420203892493049347e-01 6.815526865961161196e-01
6.826691380908248563e-01 6.688147940599608043e-01
6.984615384615383560e-01 6.594176347608681210e-01
6.678405931417978891e-01 6.931051576610556264e-01
6.073957367933272566e-01 7.117270513179730917e-01
5.941427247451344096e-01 7.021359139599543386e-01
6.461723818350324500e-01 7.125460697889949291e-01
6.706209453197405912e-01 7.377416643317455947e-01
6.388693234476366944e-01 7.544237773994006968e-01
5.924745134383688772e-01 7.331292971528331481e-01
5.904355885078775845e-01 6.762290665344741214e-01
5.910101946246524296e-01 6.421535875164342544e-01
5.787951807228914891e-01 6.437916244584779291e-01
5.402038924930492314e-01 6.172812897385606679e-01
4.719925857275254488e-01 5.906631894303511210e-01
4.319369786839666325e-01 5.932280104317089187e-01
4.588693234476367566e-01 5.878828372524085299e-01
4.768118628359591660e-01 5.529021272927129305e-01
4.427618164967562220e-01 5.141065155074681092e-01
4.635959221501390615e-01 4.594693622432484692e-01
4.673957367933272433e-01 4.458693450007543690e-01
4.521223354958294749e-01 5.037394659137444108e-01
3.632066728452270632e-01 4.734573356035950975e-01
4.219277108433734935e-01 4.522275147100027759e-01
4.774050046339203268e-01 4.098540853934521944e-01
4.931788693234476773e-01 4.182166950449382470e-01
4.566635773864689551e-01 4.468392352953854951e-01
5.143836886005561659e-01 4.553096105351638889e-01
5.821316033364226650e-01 5.077267926805612008e-01
6.006858202038924954e-01 5.348190615772571155e-01
5.941612604263206698e-01 5.278358514559130521e-01
6.058758109360519173e-01 5.166713365088260179e-01
6.039295644114921480e-01 5.728818673621138835e-01
5.789249304911955329e-01 6.136172597366209569e-01
5.819462465245597294e-01 6.048020346143069270e-01
6.118628359592215293e-01 5.772355971291247556e-01
5.843929564411491917e-01 5.767829816582968894e-01
5.923818350324374649e-01 5.381597948143198584e-01
5.787395736793327083e-01 5.184386921568204798e-01
5.653012048192771477e-01 5.608767808263466215e-01
5.002409638554217164e-01 6.082936396749789587e-01
5.056163113994439628e-01 5.635062611806798127e-01
5.489527340129749522e-01 5.607259090027372217e-01
5.592215013901761234e-01 5.908356143716188003e-01
5.767933271547730500e-01 6.302347134513006655e-01
5.777757182576460648e-01 6.068711339095199664e-01
5.715291936978683651e-01 5.926245231372717637e-01
5.649675625579239080e-01 5.824945578377912492e-01
5.452826691380908697e-01 5.594542750608876291e-01
5.086746987951807908e-01 5.379227105200766745e-01
4.564040778498609230e-01 5.399702566976313234e-01
