5.790221341261976296e-01 5.452754477990766624e-01
5.920052857614800379e-01 5.234837680388696457e-01
5.873472084572184393e-01 4.441369141144335120e-01
4.667657746944168795e-01 4.466146148081897582e-01
3.838619094813346400e-01 5.114941139500591705e-01
4.146845061116616882e-01 5.189513887210229770e-01
4.365378262305913415e-01 5.050400058014455906e-01
4.893128510075982485e-01 4.253063888418864846e-01
4.682358771060456393e-01 4.393869805893302338e-01
4.984803435744962208e-01 4.307452440233024982e-01
5.286752560290717273e-01 4.316638062317194047e-01
4.976709613478691452e-01 4.698324832604123813e-01
4.796498183019490824e-01 4.881312093596654744e-01
4.415592996366038969e-01 5.019217288307669111e-01
4.392632969937231846e-01 5.431845101404433329e-01
4.859596960687148637e-01 5.744881432957045231e-01
5.084737363726461457e-01 6.251661872416544030e-01
4.919392137429798306e-01 6.234861853078391691e-01
5.296993723158243128e-01 6.189900650245352409e-01
5.925503799141064176e-01 6.308467693200222604e-01
6.768582755203171875e-01 6.887887065193744052e-01
7.487446316484970277e-01 7.432497764026202436e-01
7.881565906838454705e-01 7.699726848606444074e-01
8.370003303600925815e-01 8.029200609151779799e-01
8.600264288074001007e-01 8.392516135270372546e-01
8.730095804426825090e-01 8.694070439217771451e-01
8.832342253055830428e-01 8.719089173052285702e-01
8.931450280806078057e-01 8.551814160361622674e-01
8.823257350512058172e-01 8.352389470376370140e-01
8.553848695077634900e-01 8.239623872948342864e-01
8.161380905186652601e-01 8.136043897604486874e-01
8.092500825900231787e-01 8.125407914138605969e-01
8.109349190617772818e-01 7.939278203485701235e-01
8.105384869507763490e-01 7.812855036379897644e-01
8.015692104393788986e-01 7.722207450022963160e-01
7.966138090518665171e-01 7.790253571514901276e-01
7.750412950115626032e-01 7.739611786603495247e-01
7.611826891311529453e-01 7.480359689622665398e-01
7.370994383878427536e-01 7.387053107399260687e-01
7.378427485959695442e-01 7.304140781744784539e-01
7.233894945490585426e-01 7.221591046435736905e-01
6.978031053848694487e-01 7.145084483550484533e-01
6.779980178394450219e-01 6.833861103725011876e-01
6.766270234555665786e-01 6.776209238802001211e-01
6.654773703336637203e-01 6.525175856317531053e-01
6.599438387842749831e-01 6.373371365031788027e-01
6.249752229930625180e-01 6.296864802146534545e-01
5.977535513709942849e-01 6.233411491696680962e-01
6.426990419557316869e-01 6.144939447412314237e-01
6.683349851337957448e-01 5.744518842611616716e-01
6.563098777667657480e-01 5.495781865648190490e-01
6.252560290716880909e-01 5.385916990983586894e-01
