1.230769230769230699e-01 4.350031239663346705e-01
5.088757396449706399e-02 4.071263184975559835e-01
1.864750633981403505e-01 5.120180822521960273e-01
3.371090448013525642e-01 5.534382005953912831e-01
1.614539306846999311e-01 5.699400933514645606e-01
2.569737954353338849e-01 5.248447204968943458e-01
5.803888419273034449e-01 4.966922709397625924e-01
3.998309382924767896e-01 4.819361240765922538e-01
1.653423499577345857e-01 4.436032195229520081e-01
2.128486897717667137e-01 5.218861406152376370e-01
3.687235841081995535e-01 5.634532691388878245e-01
6.461538461538461897e-01 5.467859899298026516e-01
6.393913778529163316e-01 5.334080635083979782e-01
5.276415891800507740e-01 5.316623176154948727e-01
4.879120879120879550e-01 5.585100518210885934e-01
3.957734573119188748e-01 6.308758131500606936e-01
3.590870667793745197e-01 6.863537799992649457e-01
4.931530008453085534e-01 7.043441508324450595e-01
5.269653423499577327e-01 6.675548531735823188e-01
5.202028740490279857e-01 6.728288433974052296e-01
4.388841927303465673e-01 6.742989452019553243e-01
4.415891800507185661e-01 6.841302510198831177e-01
4.645815722738800280e-01 6.638979749347642123e-01
5.354184277261200275e-01 6.988680216104965481e-01
5.912087912087912178e-01 7.227387996618765964e-01
5.420118343195265975e-01 7.614208533940974855e-01
4.495350803043111076e-01 7.688448675070749250e-01
4.155536770921386402e-01 7.608328126722775364e-01
4.008453085376162961e-01 7.373111837994782425e-01
3.807269653423498990e-01 7.437612554669410514e-01
3.496196111580727184e-01 7.684957183284942817e-01
3.731191885038038780e-01 8.135727149105075329e-01
4.586644125105663883e-01 8.241023190855967240e-01
5.220625528317835995e-01 8.061487007975303154e-01
5.207100591715976279e-01 7.639384027343893990e-01
5.281487743026205273e-01 7.612370906685287375e-01
4.600169061707523044e-01 7.819287735675696238e-01
4.427726120033812496e-01 7.545848800029401060e-01
5.293322062552832108e-01 7.016428387665846200e-01
5.470836855452239078e-01 6.944577161968465973e-01
5.404902789518173378e-01 7.029108015730090031e-01
5.447168216398985408e-01 7.004851335955015745e-01
5.124260355029586211e-01 6.797934506964606882e-01
4.885883347421808853e-01 6.602594729685029584e-01
4.982248520710059192e-01 6.395126612517917364e-01
5.242603550295856785e-01 6.465323973685177528e-01
5.792054099746407614e-01 6.633283104855012269e-01
5.959425190194420630e-01 6.875298614429048438e-01
5.494505494505493859e-01 6.522106655885919757e-01
5.633136094674556782e-01 6.410930206916828356e-01
5.944209636517329143e-01 6.043220993053768364e-01
5.431952662721892811e-01 5.685618729096989510e-01
