4.808947108255067215e-01 5.133240925236073338e-01
5.160899653979238444e-01 4.991163475699558205e-01
5.298319327731093598e-01 5.343151693667157476e-01
4.455017301038062816e-01 5.073897600277224029e-01
4.207777228538474579e-01 4.925236073810967952e-01
4.404844290657439765e-01 5.551416442865806378e-01
5.116411270390509580e-01 5.462704669496664112e-01
5.401631240731586958e-01 4.829160530191457523e-01
5.057175811501071205e-01 5.324179156198561857e-01
4.903114186851210698e-01 5.908689248895434565e-01
4.992338111715274307e-01 5.887031101100234087e-01
4.961525786785301873e-01 5.809668197175777982e-01
4.954605371560388827e-01 5.372346876895087719e-01
4.711896523315208252e-01 5.234514424326431881e-01
4.487477343878727432e-01 5.244130641947499782e-01
4.964326907233481689e-01 5.822922983626439564e-01
5.407233481627945482e-01 5.864939790349128490e-01
6.071593343219641170e-01 6.290825608593952900e-01
6.627698138078761403e-01 7.029801611366196523e-01
6.893969352446860377e-01 7.484969245430130869e-01
7.001730103806228511e-01 7.430304080395044863e-01
7.203657933761740129e-01 7.311617430477344026e-01
7.522491349480967537e-01 7.461578445811314353e-01
7.918520349316197082e-01 7.993675820843801905e-01
8.306063601911354288e-01 8.442519275751537711e-01
8.624567474048442373e-01 8.793034739669064459e-01
8.859284890426758485e-01 9.087325651910248547e-01
9.055116164112705368e-01 9.088018712639696073e-01
9.164030318009557252e-01 9.111842675214416598e-01
9.272614928324270922e-01 9.077362903924456328e-01
9.273274015488548461e-01 9.044182621502208086e-01
9.202586917119789378e-01 8.859395304513557612e-01
9.079337617399900751e-01 8.582517543099714707e-01
8.821881693854012330e-01 8.305033353547603969e-01
8.578760916131156211e-01 7.980247769210777609e-01
8.381281924534520478e-01 7.566923676687169475e-01
8.049266765529742296e-01 7.074850558780213516e-01
7.663536002636349709e-01 6.850472147621935459e-01
7.162876915472070616e-01 6.571948366975656208e-01
6.881858625803262131e-01 6.454128042969764500e-01
6.720217498764211594e-01 6.639781685870225214e-01
6.600675564343383428e-01 6.959369314736203460e-01
6.497198879551820960e-01 7.027895694360218881e-01
6.329543582138738023e-01 6.672615437927748028e-01
6.299802273850716450e-01 6.492766178636403263e-01
6.443565661558741109e-01 6.495971584510094043e-01
6.579255231504367307e-01 6.254180022524472582e-01
6.659746251441752696e-01 6.246469721909382322e-01
6.430795847750865324e-01 5.947154119379710613e-01
6.049349151425275073e-01 5.523347483323226559e-01
5.638820233975943008e-01 5.005197955470848115e-01
5.234964574064919773e-01 4.543706142250714675e-01
