4.873042822109036054e-01 3.966586493114506728e-01
4.856819468024900499e-01 4.377475947934352241e-01
4.947934352009054626e-01 5.436120543293718743e-01
5.325787587247688970e-01 5.553197509903791129e-01
4.513865308432370993e-01 4.690624410488587470e-01
3.485191473306923360e-01 3.963521033767213320e-01
4.186945859271835046e-01 5.126744953782306213e-01
3.885116015846066806e-01 4.998938879456706341e-01
4.232597623089983108e-01 5.154334087907941342e-01
5.512544802867382909e-01 5.525962082625919258e-01
5.988304093567251574e-01 5.340501792114695778e-01
5.827579701943029766e-01 4.968048481418600448e-01
5.363704961328051857e-01 4.873255046217694897e-01
5.574042633465383645e-01 4.999528390869647509e-01
5.956234672703263344e-01 5.018039049235992755e-01
5.961328051311073351e-01 5.263511601584606181e-01
5.909451046972268307e-01 5.721561969439727946e-01
5.949632144878325146e-01 6.084229390681004102e-01
6.103754008677608756e-01 6.403272967364648238e-01
6.033201282776834429e-01 6.412705149971702490e-01
6.576872288247499476e-01 6.407753254103000229e-01
6.400867760799848760e-01 6.370967741935483764e-01
6.135257498585173774e-01 6.719486889266176322e-01
6.325787587247689858e-01 6.693784191661950045e-01
6.670816827013770212e-01 6.638488021128088334e-01
6.666100735710243086e-01 6.534026598754951731e-01
6.650631956234672737e-01 6.795651763818147950e-01
6.509149217128843423e-01 6.719840596113940689e-01
5.990756461045085857e-01 6.848589888700247208e-01
5.491794001131862224e-01 6.777376910016977840e-01
5.441048858705904712e-01 6.736818524806640340e-01
5.127145821543105386e-01 6.572344840596113791e-01
5.039237879645349638e-01 6.545109413318240810e-01
5.312582531597811464e-01 6.426971326164874210e-01
5.542916430862101507e-01 6.435813997358988958e-01
5.487266553480474318e-01 6.203546500660251928e-01
5.226183738917185018e-01 5.861276174306735420e-01
5.130352763629504320e-01 5.854673646481796112e-01
5.080550839464252899e-01 5.672514619883041176e-01
5.036408224863233585e-01 5.700457460856442893e-01
5.344651952461799693e-01 5.673575740426334280e-01
5.478400301829843277e-01 5.957956046029051489e-01
5.770986606300697597e-01 5.940034899075646857e-01
6.014336917562723706e-01 6.007710809281268105e-01
6.139596302584416909e-01 5.926829843425768241e-01
5.871345029239765090e-01 5.978117336351631561e-01
5.603093755895114381e-01 6.096844934917938774e-01
5.782493869081306581e-01 6.262497641954348770e-01
6.072627806074325507e-01 6.351513865308433537e-01
6.314280324467080874e-01 6.386177136389359354e-01
6.548764384078475942e-01 6.215100924353893497e-01
6.507451424259573791e-01 5.940152801358234980e-01
