4.662820404840113397e-01 4.908616187989556234e-01
4.936971840871444694e-01 4.963664055700609534e-01
4.714618602431286942e-01 5.309073107049608886e-01
4.879277913473146211e-01 5.644582245430809220e-01
5.351638170639265724e-01 5.375326370757180783e-01
5.400909626884528025e-01 4.411553524804178172e-01
4.475560796204273162e-01 4.563533507397736777e-01
5.138128526909795379e-01 4.665578764142732648e-01
5.296330610067661038e-01 5.045365535248041988e-01
4.802071927903647230e-01 5.617275892080069166e-01
4.698615907240517586e-01 5.350522193211488808e-01
4.207024340941631912e-01 5.063098346388164028e-01
3.994497318846682576e-01 5.310596170583115061e-01
3.776916814059911864e-01 5.057006092254132668e-01
4.191583143827732338e-01 4.938642297650129853e-01
4.874224430781324280e-01 5.414599651871192521e-01
5.201016311519133239e-01 5.941144473455178820e-01
5.403576742749656159e-01 6.400021758050479237e-01
5.447794716303097085e-01 6.183855526544821402e-01
5.889272579241415784e-01 6.626305483028721577e-01
6.563631769561190099e-01 7.006853785900784004e-01
6.994300794519779929e-01 7.466166231505656503e-01
6.932957129621831749e-01 7.743472584856396779e-01
7.078104382492489410e-01 7.940274151436030881e-01
7.283472304107359019e-01 7.857919930374238637e-01
7.389174317077964460e-01 7.541449086161878812e-01
7.484207866588056257e-01 7.246627502175804203e-01
7.750779078581656600e-01 7.668407310704961066e-01
8.103540245374659667e-01 8.109769364664927149e-01
8.254442853533227042e-01 8.055591818973020235e-01
8.019736657401949076e-01 7.964316797214968657e-01
7.658272270417473271e-01 7.806897302001739591e-01
7.396754541115696524e-01 7.719647519582246709e-01
7.455711839186950352e-01 7.605417754569190336e-01
7.267609983435806553e-01 7.552872062663184005e-01
7.229006990651055675e-01 7.458550913838120078e-01
6.905584098374463187e-01 7.434399477806789003e-01
6.704848535893764838e-01 7.631636205395996297e-01
6.546927201774334071e-01 7.552328111401218624e-01
6.144473455178416366e-01 7.241187989556135962e-01
6.174232853252478170e-01 6.482158398607483774e-01
6.093236755664112048e-01 6.134573542210618458e-01
5.994272719615935108e-01 5.957027850304612571e-01
6.071759454223869534e-01 5.957136640557005869e-01
5.833824644150593652e-01 5.617819843342036767e-01
5.888009208568459885e-01 5.428851174934725687e-01
5.727420758583902094e-01 5.298520452567450079e-01
5.743844577332323231e-01 5.142841601392514894e-01
5.434880260535107643e-01 5.142406440382941701e-01
5.310648811027822713e-01 5.110313315926893196e-01
5.147673994216569460e-01 5.085509138381200112e-01
5.122125831719026579e-01 5.203764142732810738e-01
