4.864900455132795121e-01 4.871312285324425062e-01
5.444310017036616545e-01 4.907777725497576848e-01
5.476901804893705705e-01 5.246553427751375898e-01
4.631572882974083205e-01 4.765366458068664990e-01
4.952305704385899232e-01 4.921736539155256440e-01
5.056912175008024812e-01 5.291723521385216511e-01
4.635852612692690222e-01 5.496635769067895749e-01
4.613548636659177138e-01 5.502282030772126520e-01
5.619449725521180605e-01 4.641854483288634370e-01
6.073430285671959084e-01 4.570727269875625720e-01
5.395422335250981138e-01 5.234241440424096670e-01
5.370237771906867241e-01 5.021879264103891183e-01
5.572619606100260858e-01 4.983296475791652580e-01
5.427273400656773550e-01 4.876017503411283482e-01
4.620708953688386633e-01 5.032309164196426821e-01
5.188513863855213071e-01 4.954986746969055611e-01
4.908685382253936136e-01 5.032466004799323045e-01
4.595524390344271626e-01 4.761445442996282695e-01
4.203517608618716483e-01 5.042190122178829004e-01
3.480572496152358752e-01 4.700748129675809683e-01
3.847230109544619858e-01 4.843708339214856107e-01
4.243598923483370422e-01 5.226556250882228305e-01
4.131256018369916516e-01 5.086183911290954596e-01
4.858645465544060293e-01 4.897269405103593654e-01
5.434762927664337218e-01 4.918756567700246496e-01
5.058640527394385744e-01 4.702473376307658715e-01
4.989341826950774439e-01 5.040935397355668091e-01
5.196908718303251407e-01 5.357361313696890059e-01
5.689571450910677619e-01 5.695666494142003211e-01
6.043965992609235949e-01 6.338869806615536895e-01
6.426672592446276422e-01 6.983955206323813059e-01
6.586997851904891066e-01 7.379899308332941166e-01
6.990773890356616338e-01 8.004046487554697942e-01
7.574792391957398952e-01 8.463903135243651121e-01
8.097742442573434563e-01 8.833341175363478293e-01
8.325638050089297915e-01 9.180351009269280826e-01
8.347448211155280573e-01 9.319547044338838404e-01
8.593203459996872073e-01 9.430668611490142794e-01
8.848176588232388173e-01 9.556141093806364006e-01
9.076483708221196878e-01 9.550651672705029460e-01
9.225451223426581748e-01 9.509873115952257594e-01
9.298371233632092281e-01 9.475681864521087183e-01
9.278289424952470554e-01 9.467369312567638362e-01
9.314337917582282689e-01 9.386753242679465314e-01
9.165123494893130385e-01 9.261359180664689994e-01
9.230471675596487735e-01 9.251242961777944585e-01
9.142490308881261463e-01 9.221756928433633149e-01
9.019365776976699944e-01 9.057936918709516005e-01
8.981424326971351180e-01 9.000141156542605936e-01
8.734928355678460710e-01 8.724729057858500170e-01
8.462260191106392160e-01 8.412616258096896615e-01
8.134860867632898174e-01 8.220643360153075951e-01
7.885237401545641678e-01 8.108659169685847878e-01
7.749438285474432586e-01 7.874731410467542547e-01
7.776104293721143312e-01 7.561599146787120196e-01
7.643021159971358225e-01 7.628334823319060654e-01
7.479568405718376445e-01 7.896296993365643502e-01
7.586643951178160261e-01 7.785959629228815793e-01
7.685406944684493036e-01 7.457064884957418371e-01
7.830012427676683595e-01 7.455261218024120673e-01
7.849188908915829543e-01 7.559795479853823608e-01
7.872151304906052083e-01 7.484041468655405760e-01
7.826391117914783813e-01 7.463338509073228488e-01
7.728615754343514110e-01 7.475493655797612602e-01
7.388212636725018934e-01 7.539014099970200444e-01
7.157765651876909496e-01 7.319907777725496167e-01
6.906331530908701444e-01 7.379428786524254713e-01
6.653169057554135790e-01 7.443341332204080896e-01
6.464120227484095871e-01 7.338022867359902390e-01
6.773413002148095385e-01 7.246506375570507252e-01
6.712591458647111375e-01 7.244310607129973434e-01
6.595557311342107321e-01 6.989287786822253601e-01
6.519756713825995975e-01 6.683997553286594728e-01
6.418195435503649682e-01 6.679841277309870318e-01
6.488564068376911909e-01 6.751360592230116753e-01
6.823617523847147481e-01 6.881381452030301826e-01
6.997604997407471661e-01 6.773083015731112821e-01
6.531032155584635124e-01 6.623143399363227157e-01
6.324864406640163805e-01 6.451795040700136763e-01
6.168736574405569995e-01 6.634122241565897360e-01
6.538768590075965115e-01 6.852679621700465962e-01
6.366509468902001867e-01 6.903103875531297895e-01
6.228982000444434064e-01 7.007716557662447832e-01
6.119931195114522993e-01 6.778337175928104141e-01
5.996806663209962585e-01 6.415015919321194193e-01
5.660518670320897616e-01 5.951316676861305721e-01
