5.108430799220272656e-01 4.996162280701754721e-01
4.799585769980507233e-01 4.903117167919799346e-01
4.949287280701754610e-01 5.294956140350877138e-01
4.871543006822611765e-01 5.487703634085212556e-01
5.011345638401559777e-01 5.616463032581453518e-01
5.283107943469785850e-01 5.389411027568922208e-01
4.730065180311890938e-01 4.769031954887218427e-01
4.524473075048733306e-01 4.577067669172931730e-01
5.156402290448343084e-01 4.950971177944862855e-01
5.352019371345029253e-01 5.142543859649122417e-01
5.583729288499025278e-01 5.159774436090225347e-01
5.597206993177387124e-01 4.819000626566415924e-01
5.574211135477582513e-01 4.832236842105263608e-01
5.741045321637426868e-01 4.751409774436090583e-01
5.984253167641324644e-01 5.124373433583960802e-01
6.120400828460039744e-01 5.608944235588971816e-01
6.080653021442494754e-01 5.816572681704261782e-01
6.328734161793372337e-01 6.108395989974937379e-01
6.669103313840156755e-01 6.531093358395989590e-01
7.053636695906433385e-01 7.106359649122807598e-01
7.413879751461988077e-01 7.614505012531329609e-01
7.737877680311890938e-01 8.093906641604009522e-01
7.902808235867444520e-01 8.278273809523810645e-01
7.985806530214424326e-01 8.391369047619048338e-01
8.033549585769980128e-01 8.218671679197995239e-01
8.226197002923976154e-01 8.125783208020049830e-01
8.049768518518517491e-01 8.019188596491227949e-01
7.813337597465885853e-01 7.755169172932331323e-01
7.108689692982456121e-01 7.547305764411029738e-01
6.858019615009746106e-01 7.335447994987468467e-01
6.736567982456140857e-01 7.225407268170425112e-01
6.692860623781675677e-01 7.277803884711779858e-01
6.671083089668616850e-01 7.167293233082707715e-01
6.929139254385964231e-01 7.154918546365915955e-01
7.033762792397660890e-01 6.748433583959900783e-01
6.946576510721247377e-01 6.517073934837094296e-01
6.793143884015594436e-01 6.121318922305764021e-01
6.894340886939570590e-01 5.920974310776941918e-01
7.056377923976607791e-01 6.053414786967419303e-01
7.103131091617933546e-01 6.011904761904761640e-01
7.203871223196881557e-01 6.025297619047619291e-01
7.175925925925926707e-01 5.938909774436090805e-01
7.223440545808967883e-01 6.137531328320802171e-01
7.239964059454191414e-01 6.111528822055137811e-01
7.183464303118908267e-01 5.771381578947367696e-01
6.862359892787524007e-01 5.358082706766917891e-01
6.791468689083820509e-01 4.930059523809524058e-01
6.624862938596491890e-01 4.881422305764411274e-01
6.560444078947367252e-01 4.855811403508771829e-01
6.317540813840154534e-01 5.026315789473684292e-01
6.103725024366470908e-01 4.822760025062656775e-01
5.831201267056529414e-01 4.903195488721804329e-01
