5.155069901976538915e-01 5.410637772842497029e-01
4.895638045244344316e-01 5.221302465396953085e-01
4.719945721070579747e-01 5.383493729950422635e-01
5.155248451086471562e-01 5.053390762052178964e-01
5.376470798293071507e-01 4.874038181124794589e-01
4.257682075454853887e-01 5.356574017991341252e-01
4.201260556716124306e-01 4.962761065123270088e-01
4.815112396664702477e-01 4.900957893083877082e-01
4.869391326084239191e-01 4.633891917356484647e-01
3.913975038834431874e-01 4.771182448347802696e-01
5.095434499259021699e-01 5.022657424232226386e-01
4.944917599585766377e-01 4.845884649034254976e-01
5.587872944453372570e-01 4.973304618973910518e-01
5.672505222561464722e-01 4.831527469322745016e-01
4.509614869569875117e-01 5.013123359580052840e-01
3.864516935383077167e-01 5.212104897144266280e-01
4.417304979734675285e-01 5.194046257038382741e-01
4.685128644633706485e-01 5.083002445207169817e-01
5.211312871605334740e-01 4.764003858492047438e-01
5.038298784080561532e-01 4.835341095183614546e-01
4.654596746835217291e-01 4.938757655293088411e-01
5.255593050868641036e-01 5.288377414361666862e-01
5.566982698591247392e-01 5.001345985597953625e-01
5.209884478725874679e-01 4.422123516611705663e-01
5.199171532129911455e-01 4.969939654979025345e-01
5.726248504651204607e-01 5.808713013437423189e-01
5.799632188833538926e-01 6.203535455503959017e-01
5.715714107165176250e-01 6.133768535343337991e-01
5.644473012302033688e-01 6.046503802409315398e-01
5.375578052743407165e-01 6.043923996679902988e-01
5.639116539004053186e-01 6.185925477264060390e-01
5.849625939614692127e-01 6.656123112816025866e-01
5.763386719517202827e-01 6.942818045180249031e-01
6.291713535808023394e-01 6.805527514188931537e-01
6.077454603888799989e-01 7.269668214550103480e-01
5.940150338350563830e-01 7.506113017924042063e-01
6.503829878408056153e-01 7.679296498194136955e-01
7.032692342028674659e-01 7.692195526841196784e-01
6.836645419322583406e-01 7.872333266034053922e-01
6.805220775974432090e-01 7.976198488009511589e-01
6.987162318995839838e-01 8.174507032774749327e-01
7.148035067045190871e-01 8.137268097898018304e-01
7.189637009659506361e-01 8.234179060950713724e-01
7.632974449622368374e-01 8.175628687439711051e-01
7.862767154105736456e-01 7.908226215312830210e-01
7.557269627010909652e-01 7.853377302196199450e-01
7.580481011302158123e-01 7.882764654418197292e-01
7.538700519577909986e-01 7.724387015725598937e-01
7.199635759815737890e-01 7.375776745855486816e-01
7.118395914796364909e-01 7.346052897234000012e-01
6.951988144339100728e-01 7.283576732395631304e-01
6.931990644026639892e-01 7.102541669470803232e-01
6.648276108343600388e-01 6.795656953137267919e-01
6.485082221865123842e-01 6.586580523588397851e-01
6.036031210384416035e-01 6.227538865334141249e-01
5.962647526202081716e-01 6.177849563676335309e-01
5.822486474904923215e-01 6.158781434371985997e-01
6.165479315085614642e-01 6.336339367835429615e-01
6.103165675719106620e-01 6.526011171680462519e-01
5.635188458585533855e-01 6.639298292841600002e-01
5.607156248326101711e-01 6.727909011373578441e-01
5.761065581088078424e-01 6.526459833546447431e-01
5.763386719517202827e-01 6.371334993382237188e-01
5.791776027996500265e-01 6.562801444691208630e-01
5.845519310086239040e-01 6.601049868766403206e-01
5.762136875747674303e-01 6.515355452363326139e-01
5.811416430089095808e-01 6.456468582452835614e-01
6.041744781902262940e-01 6.336451533301926675e-01
6.151016837181066954e-01 6.145770240258429107e-01
5.922652525577158933e-01 5.789196222267088965e-01
5.885335761601228066e-01 5.910334926082958518e-01
6.555787669398468465e-01 5.937254638042039900e-01
6.712732337029299057e-01 6.018125939385782219e-01
6.509007802596104009e-01 6.013639320725934212e-01
6.482225436106201499e-01 6.339031339031337975e-01
6.139589694145374255e-01 6.167642506225183840e-01
5.562161872623065939e-01 5.900688695964286801e-01
5.408431088971021872e-01 6.129281916683492204e-01
5.555019908225757863e-01 6.459721380981223726e-01
5.563768814612459757e-01 6.035960248558673857e-01
5.716963950934704775e-01 5.812975301164278186e-01
6.096559358651596483e-01 5.827108149942795690e-01
6.591854589604870807e-01 6.262422325414451763e-01
6.359383648472511918e-01 6.179756376606770907e-01
6.089060296034424224e-01 6.141059290665591419e-01
6.199582195082756764e-01 5.835520559930009732e-01
