4.980453402483105418e-01 4.940365323661078945e-01
5.347025774005971233e-01 4.838169460510407527e-01
5.546518937608047040e-01 4.919779106623533016e-01
4.997347949080621632e-01 4.620462046204620310e-01
4.725856514222850913e-01 4.942489298434793454e-01
5.062568756875687193e-01 5.133810410744045205e-01
5.089187490177589090e-01 4.958664183250008350e-01
4.632543611504007508e-01 5.074339117080025607e-01
4.371169259783120875e-01 4.436003006241218682e-01
4.851878044947350865e-01 4.189295167140476561e-01
4.459374508879458965e-01 3.909175571022448503e-01
5.151265126512651893e-01 4.537545338692284824e-01
4.837635549269211910e-01 5.472094239126883419e-01
5.357633977683483595e-01 4.960543084011371229e-01
5.457724343862957461e-01 4.678871352481783208e-01
5.699355649850699201e-01 5.527726039930725976e-01
5.873605217664623623e-01 5.888066529425219908e-01
6.192735344963068433e-01 6.124644642682088858e-01
5.838637435172089329e-01 5.483285952357611626e-01
5.799053119597674666e-01 5.513103290527071598e-01
5.751119754832625386e-01 5.037578015227264228e-01
5.471377494892346594e-01 4.789971571414567419e-01
5.647591544868771907e-01 5.132258275332484132e-01
5.604962281942479363e-01 5.239845766754892553e-01
5.844825553983969968e-01 5.256184034245008352e-01
6.183895175231809427e-01 5.269826487599255094e-01
6.503123526638378005e-01 5.540306505898113798e-01
6.343116454502591983e-01 5.786850962323955017e-01
6.132425742574256766e-01 6.257229683364377015e-01
6.006698884174133113e-01 6.439401365879162675e-01
6.157571114254282163e-01 6.288762539620298408e-01
6.148043375766147900e-01 6.142780119596118471e-01
6.332606474933207830e-01 6.247590105545207662e-01
6.722359735973597594e-01 6.506061497238831981e-01
7.229294358007228860e-01 7.070058490997614964e-01
7.500000000000000000e-01 7.504738097572133393e-01
7.627200220022001265e-01 7.427131326994085292e-01
7.872072921577871751e-01 7.476636277489135951e-01
8.066851327989942311e-01 7.632666732019737221e-01
8.167432814710042788e-01 7.710028428585432581e-01
7.914112839855413917e-01 7.546237296997025945e-01
7.647827282728272280e-01 7.526876450021238174e-01
7.580641992770705828e-01 7.561186811750482129e-01
7.913327046990412672e-01 7.585775904323105445e-01
7.820210592487819579e-01 7.393719569976799910e-01
7.391953481062392139e-01 7.134022808221416323e-01
7.304926921263554807e-01 7.025373329412148982e-01
7.338028445701711977e-01 7.082802339639904243e-01
7.449807480748074084e-01 7.012384406757506961e-01
7.475836869401225604e-01 7.129693167336534909e-01
7.350601131541724120e-01 7.253537234911610065e-01
7.277325946880401908e-01 7.351811913864654269e-01
7.113979255068364482e-01 7.265545861516844450e-01
6.761845827439886270e-01 7.107636506224880302e-01
6.683855885588558809e-01 6.834950821814853583e-01
6.540448687725914922e-01 6.663072247818841998e-01
6.438000942951437322e-01 6.581871058392968488e-01
6.364234637749489609e-01 6.456393164068883195e-01
6.550467546754675796e-01 6.532937947260072375e-01
6.580327675624705330e-01 6.675407639773879298e-01
6.442912148357692326e-01 6.567656765676567199e-01
6.322489391796322078e-01 6.499117733555535015e-01
6.500864372151501369e-01 6.581544293043166682e-01
6.742495678139241999e-01 6.801702447472470769e-01
6.480531981769606098e-01 6.873590824428977841e-01
6.325534339148199958e-01 6.677449923210142524e-01
6.432893289328933673e-01 6.463255236414731097e-01
6.537501964482163030e-01 6.341453452275921387e-01
6.348518780449473597e-01 6.451573375159298518e-01
6.317971082822568807e-01 6.548949449400386369e-01
6.249803551783749134e-01 6.371189099107930076e-01
6.272100424328147517e-01 6.206172597457765283e-01
6.353822882288228113e-01 6.113779694801162456e-01
6.691713814238565705e-01 6.142616736921215903e-01
7.097379380795222348e-01 5.857023821194000668e-01
7.312588401697311946e-01 5.423406202006338939e-01
6.978822882288230334e-01 5.381090089206941318e-01
6.870678139242495375e-01 5.353396725811195855e-01
6.932461103253182433e-01 5.430023200339836320e-01
7.027934936350778150e-01 5.486553605855635229e-01
6.702322017916076957e-01 5.553132045877855472e-01
6.566969196919690832e-01 5.444972715093291393e-01
6.634743831526009883e-01 5.555827860013724528e-01
6.499489234637749746e-01 5.454612292912459637e-01
6.349697469746974354e-01 5.511306081103160004e-01
6.344688040232595583e-01 5.346779727477697364e-01
