5.528410967955070809e-01 5.450458072469723803e-01
5.843078956062107698e-01 5.415528535860185677e-01
5.600759828212752423e-01 5.093548309120355944e-01
5.701850016518006381e-01 4.770722038241195229e-01
5.085232903865213316e-01 4.385651091396939316e-01
4.753551370994383851e-01 4.752109067175904755e-01
3.672117608192930205e-01 5.219488022432254848e-01
4.633135117277832338e-01 4.910923638473252972e-01
4.242319127849356053e-01 4.882641591529889857e-01
4.587049884373967656e-01 5.448886847639536901e-01
4.297158903204493230e-01 5.024051826246707098e-01
4.458374628344896062e-01 4.869588339094491070e-01
4.456888007928642148e-01 4.806618482438541617e-01
4.115791212421539003e-01 4.820638642461746448e-01
4.756854971919391994e-01 4.641035558026541108e-01
5.199537495870498738e-01 4.265875413957310736e-01
5.148166501486620694e-01 4.534433996470786932e-01
5.115130492236537041e-01 4.628949213178950028e-01
4.950776346217377055e-01 5.017283473132054805e-01
4.851668318467129981e-01 5.057772728371486837e-01
5.016683184671292262e-01 5.063574173898329756e-01
5.238354806739344838e-01 4.828494766612681510e-01
4.312025107367030152e-01 4.937151006792525609e-01
4.622728774364056603e-01 5.366216248882013096e-01
4.889164188965973157e-01 5.627402161038458361e-01
4.859431780640898202e-01 5.717928883946916674e-01
5.186653452262967035e-01 5.771108801276317868e-01
4.991575817641228929e-01 6.085837221107592843e-01
5.212586719524281431e-01 6.345331044985375035e-01
4.988602576808721656e-01 6.179506393676424958e-01
5.159729104724148918e-01 6.009814112016242937e-01
5.638255698711596153e-01 6.002441441659214227e-01
5.765113974231912408e-01 6.146873262587927433e-01
6.283944499504459102e-01 6.706471029031400022e-01
7.083250743310208764e-01 6.987236819840942914e-01
7.360257680872150932e-01 7.264860160990114224e-01
7.384704327717210859e-01 7.508037419323648765e-01
7.665345226296663705e-01 7.627087916072422535e-01
8.141228939544103982e-01 7.855278106794942872e-01
8.279814998348199451e-01 8.017355991201140508e-01
8.478031053848694709e-01 8.116101428605960733e-01
8.488767756854972424e-01 8.453914767096134542e-01
8.533036009250082321e-01 8.625540863931930868e-01
8.702345556656756465e-01 8.647175421209117863e-01
8.746448629005615372e-01 8.497667335444415437e-01
8.737033366369342247e-01 8.347554932437332154e-01
8.781136438718202264e-01 8.379583746283448820e-01
8.714734060125536308e-01 8.160216587299667923e-01
8.394615130492236732e-01 8.042374725035654759e-01
8.125536835150313220e-01 8.089269743044309458e-01
8.018500165180045824e-01 8.029200609151780910e-01
7.913115295672281668e-01 7.873045033720902364e-01
7.816154608523290248e-01 7.836665135729651288e-01
7.887347208457218262e-01 7.891658004786191727e-01
8.043277172117607732e-01 7.790495298411853620e-01
7.738685166831846818e-01 7.431772583335348736e-01
7.673769408655433111e-01 7.380889071526989254e-01
7.733729765444334880e-01 7.523749667625516668e-01
7.791047241493227471e-01 7.717614638980879738e-01
7.648496861579120454e-01 7.607145447073896394e-01
7.360753221010902791e-01 7.347530759747636919e-01
7.426660059464816888e-01 7.299306243805748773e-01
7.487776676577468926e-01 7.287824216200535776e-01
7.229435084241824239e-01 7.150039884937997581e-01
6.859431780640898868e-01 6.887041021054413070e-01
7.015857284440039088e-01 6.851386303754019025e-01
7.459861248761149310e-01 7.178926249123740444e-01
7.191278493557977658e-01 7.002223887451957118e-01
6.816154608523290470e-01 6.811138775411540447e-01
6.567063098777667918e-01 6.669607677246246480e-01
6.634786917740337353e-01 6.656312697913897569e-01
6.755533531549388071e-01 6.680122797263651213e-01
6.642715559960357119e-01 6.458821823104256010e-01
6.695738354806739512e-01 6.315961227005729706e-01
6.597786587380244372e-01 6.249969784137880957e-01
6.597125867195243742e-01 5.993255819575044052e-01
6.367195242814668310e-01 6.264352534506514303e-01
5.915592996366039191e-01 6.202953902680751197e-01
5.746118268913115168e-01 6.194735188184389285e-01
5.953254046911131692e-01 6.113877541154004724e-01
6.347538817310869330e-01 6.103966738378979739e-01
6.626693095474066597e-01 6.041963789310836885e-01
6.821605550049553157e-01 5.523097005003747562e-01
6.559134456557647042e-01 5.548236602286736874e-01
6.341427155599603793e-01 5.266866494234814233e-01
6.186323092170464832e-01 5.525151683627838040e-01
