5.263268302915879993e-01 3.309140969162995827e-01
5.295573736102370255e-01 4.041960352422907521e-01
4.456052024333962414e-01 4.946806167400881193e-01
4.663834696874344932e-01 4.818061674008810580e-01
5.362492133417243734e-01 4.985462555066080270e-01
4.180616740088105576e-01 4.938105726872247248e-01
4.275749947556115038e-01 4.949669603524229355e-01
5.113488567233061000e-01 4.946145374449338883e-01
5.372246696035242186e-01 4.770925110132158142e-01
5.293371092930564403e-01 4.468832599118942595e-01
4.911579609817495751e-01 5.198898678414096697e-01
4.524858401510383765e-01 5.535572687224670219e-01
4.487937906440109259e-01 5.367290748898677633e-01
4.460562198447660665e-01 5.104185022026431762e-01
4.693308160268513385e-01 5.147687224669603712e-01
4.654919236417034423e-01 5.749118942731278326e-01
4.968953220054541653e-01 6.026872246696035607e-01
5.270610446821901718e-01 5.980506607929515495e-01
5.693203272498427170e-01 6.170925110132159386e-01
5.981644640234948795e-01 6.195925110132157743e-01
6.327564505978603426e-01 6.901872246696035829e-01
6.742290748898678299e-01 7.512004405286344388e-01
7.202433396265995880e-01 7.925550660792952673e-01
7.626494650723727453e-01 8.195044052863436068e-01
7.953115166771554945e-01 8.478634361233481354e-01
8.334801762114537604e-01 8.748127753303963638e-01
8.393643801132787408e-01 8.859471365638765805e-01
8.517411369834276824e-01 8.854405286343612902e-01
8.579400041955107525e-01 8.839647577092510922e-01
8.288231592196350084e-01 8.687555066079294397e-01
8.073106775749947506e-01 8.623898678414095853e-01
7.761275435284246127e-01 8.479074889867841414e-01
7.314873085798194730e-01 8.296806167400880838e-01
6.657436542899097809e-01 7.904515418502203739e-01
6.413362701908957852e-01 7.595154185022024995e-01
6.500839102160689276e-01 7.238105726872247070e-01
6.341829242710300685e-01 6.968171806167401394e-01
6.076672959932871709e-01 6.552312775330396688e-01
5.652297042164883267e-01 6.232488986784140428e-01
5.182085168869310365e-01 5.762775330396474605e-01
4.809838472834067624e-01 5.407929515418501420e-01
4.514684287812040786e-01 5.236343612334801723e-01
4.606775749947555898e-01 5.333590308370044220e-01
4.977973568281938155e-01 5.555837004405286272e-01
5.122404027690372619e-01 5.428083700440528014e-01
5.195720578980490556e-01 5.287555066079295818e-01
5.311516677155443400e-01 5.255396475770924836e-01
5.437906440109083750e-01 4.981277533039647487e-01
5.421334172435494647e-01 4.720925110132158098e-01
5.591042584434655627e-01 4.633039647577092413e-01
5.622613803230542828e-01 4.861674008810572545e-01
5.466540801342563149e-01 4.963105726872246715e-01
