5.207949602984196513e-01 5.138861958386159445e-01
4.985992229944123943e-01 5.064807219031992602e-01
4.990790471620721869e-01 4.734133790737564684e-01
5.289906666460290063e-01 5.171824893728093064e-01
5.298032720912594362e-01 5.336937877544931652e-01
5.243859024563901627e-01 5.119994033857856452e-01
5.899128577398734530e-01 4.856365127899172074e-01
4.867893571903973982e-01 4.544708777686628509e-01
5.188524463293451294e-01 4.787008725482884697e-01
5.374881978732954924e-01 5.417555373256767171e-01
5.421007011624127125e-01 5.595271832351406127e-01
5.451731236553314375e-01 5.437914833320903751e-01
5.415047905025771602e-01 5.212543813856365116e-01
5.521150958874425640e-01 5.246252516966216639e-01
5.718033649604532531e-01 5.584756506823774780e-01
6.354342408717321700e-01 6.564919084197180510e-01
7.122061076973081883e-01 7.069580132746662304e-01
7.344328013992290627e-01 7.203221716757401971e-01
7.632067732598635246e-01 7.538220598105749293e-01
8.398935099911774005e-01 8.136028040868074074e-01
8.924729518473231149e-01 8.715564173316429075e-01
9.225238751218909350e-01 9.022223879483928233e-01
9.273685513953595638e-01 8.927660526512044559e-01
9.282817651338090004e-01 8.760757700052204111e-01
9.224542232265853237e-01 8.786039227384592198e-01
9.226167443156315651e-01 8.771347602356626139e-01
9.104276626371755610e-01 8.658512939070773795e-01
9.021932607921743230e-01 8.419121485569392993e-01
8.743015462720757913e-01 8.273547617271981292e-01
8.529803272091259769e-01 8.155418002833916269e-01
8.481666073335706324e-01 8.241405026474755147e-01
8.338028387016888088e-01 8.336639570437766045e-01
8.027613106938876752e-01 8.316429263927211935e-01
7.702106582878016638e-01 8.096204042061303507e-01
7.633692943489096550e-01 8.012976359161757545e-01
7.503830854241800852e-01 7.841076888656871580e-01
7.459640596220223907e-01 7.630397494220300114e-01
7.530685529431796477e-01 7.606532925646954935e-01
7.421796399770922426e-01 7.733313446192854324e-01
7.278003931462535547e-01 7.774554403758668908e-01
7.204714659402231547e-01 7.671041837571779265e-01
7.234123237420093666e-01 7.574092027742562738e-01
7.081817759685482550e-01 7.463345514206876086e-01
6.774885074372746230e-01 7.409426504586472673e-01
6.463928057331249644e-01 7.287344320978447199e-01
6.171080533069170926e-01 7.004623760161086121e-01
6.049654062253316811e-01 6.681557163099409724e-01
6.135945021437305691e-01 6.490864344843015887e-01
6.185165694119832969e-01 6.362443135207695999e-01
6.212716888262882486e-01 6.230665970616748872e-01
6.230594208057951278e-01 6.134387351778656239e-01
6.026978500781648984e-01 6.008427175777462104e-01
