5.099090624020068407e-01 3.893880905267028125e-01
5.369499320581163637e-01 3.542673630259188799e-01
5.700114978572174973e-01 3.291162509055913787e-01
6.066373993937492770e-01 4.216433645829954502e-01
5.812375875405038084e-01 4.907927033660968164e-01
5.568412250444235712e-01 4.284555746585785307e-01
5.117696247517508068e-01 4.656199651820374097e-01
5.262569248458240923e-01 5.126566537991588124e-01
5.198390299989547048e-01 5.481017722559228256e-01
4.561199958189610104e-01 5.457120922135357821e-01
4.839343576878853970e-01 5.047415144732432246e-01
5.212083202675864557e-01 4.524172532736454033e-01
5.696142991533396094e-01 4.312345238481417597e-01
5.374307515417581227e-01 4.430315416139531393e-01
5.323925995609909423e-01 4.291908608254668134e-01
6.069509773178634049e-01 4.341107903244990629e-01
6.261210410787080294e-01 4.627545117375461148e-01
6.097209156475383862e-01 4.433883716655312446e-01
5.969269363436813247e-01 4.646900444415608677e-01
5.981289850527855556e-01 4.502870859960425021e-01
5.821678687153757359e-01 4.030016976460030209e-01
5.848750914602278694e-01 4.132200127593776418e-01
5.937284415177170871e-01 4.772764135335907376e-01
5.960071077662798533e-01 5.006433753960272126e-01
6.146022786662486137e-01 5.106346168402158270e-01
6.261210410787080294e-01 5.484369762437689699e-01
6.300721229225462183e-01 6.070868610849796676e-01
6.190550851886694739e-01 6.338274888896097137e-01
6.185220027176753232e-01 6.362928601550588148e-01
6.399498275321418017e-01 6.235226695213070824e-01
6.408696561095432731e-01 6.018966057892973787e-01
6.483537158984007398e-01 6.174565586444782372e-01
6.820006271558481936e-01 6.525015949222001677e-01
7.068882617330406459e-01 6.601139693558676358e-01
7.227134943033344250e-01 6.808209253792671944e-01
7.149054039928923743e-01 6.803018998496987990e-01
7.087488240827845010e-01 6.917853396913959951e-01
6.942719765861816716e-01 6.942182718612472936e-01
6.877913661544894364e-01 7.028362582584530838e-01
7.011288805268108826e-01 7.206453217417631008e-01
7.284310651196822528e-01 7.357835663541700821e-01
7.418208424793560907e-01 7.413306517014305319e-01
7.353297794501933993e-01 7.449313913128102760e-01
7.256924845824188619e-01 7.359565748640261029e-01
7.240514267795546965e-01 7.288632259599269192e-01
7.160865475070554709e-01 7.126653042246515746e-01
7.105257656527647070e-01 6.749386360441603783e-01
7.031775896310232810e-01 6.414290502914111736e-01
7.057907389986411983e-01 6.103091445810491233e-01
6.993937493467126121e-01 5.608070846984786195e-01
6.998536636354134588e-01 5.365102020955655471e-01
6.984425629768997723e-01 5.594122035877640009e-01
6.863698128985054048e-01 5.456147749267417080e-01
6.705027699383296902e-01 5.192309771736898227e-01
6.723633322880735452e-01 5.286383148971139923e-01
6.630291627469426796e-01 5.562764243466225000e-01
5.959234869865162043e-01 5.620613963949352421e-01
5.697815407128671295e-01 5.605583849655604300e-01
5.997700428556496099e-01 5.712849125766372715e-01
6.137033552837880546e-01 5.749180912836149293e-01
6.032507578133166071e-01 5.626993652750295061e-01
5.904045155221072649e-01 5.566981325893967103e-01
5.843838193791157654e-01 5.484477892756349782e-01
5.775164628410160983e-01 5.179117872860370397e-01
5.956308142573428777e-01 4.830505725500373604e-01
6.098463468171840818e-01 4.677501324596403665e-01
5.962057071182188528e-01 4.746380337582855047e-01
5.914288700742134086e-01 4.853537483374963379e-01
6.065955890038674525e-01 4.716860760588661994e-01
6.186683390822619311e-01 4.905331906013126742e-01
6.250548761367199502e-01 4.772764135335907376e-01
6.228075676805686633e-01 4.699559909603053809e-01
6.240514267795546077e-01 4.696424130361912530e-01
6.355074736071912866e-01 5.013894745947815590e-01
6.125013065746838237e-01 5.469880299737243101e-01
6.064597052367513008e-01 5.713930428952973539e-01
5.827532141737221671e-01 5.697710881153966733e-01
5.634263614508205897e-01 5.831143694380467313e-01
5.561409010139019005e-01 5.864339702209102612e-01
5.494303334378594084e-01 5.742044311804587187e-01
5.592662276575728342e-01 5.630994474540716999e-01
5.618375666353088160e-01 6.002854640412624843e-01
5.689035225253475936e-01 6.303348795968901630e-01
5.825755200167241910e-01 6.178458277916545338e-01
5.931326434619003107e-01 5.885425114347812015e-01
5.975959025817916270e-01 5.820546923151782570e-01
