5.013440186993907144e-01 5.143751565239168544e-01
5.109691960931630472e-01 4.800066783537857984e-01
4.921612822439268564e-01 4.183905167376241740e-01
5.003756574004507574e-01 3.501878287002253565e-01
5.106686701728024858e-01 4.289506636614074386e-01
4.948660155271725758e-01 5.015694131396610800e-01
4.716670840637783302e-01 5.094415226646632489e-01
4.872276483846731399e-01 4.938058268636781323e-01
5.141330661991818651e-01 4.023207279405626169e-01
5.196176642457633887e-01 4.179981634527089596e-01
5.174889389765422454e-01 4.614408548292845968e-01
5.661407463060355028e-01 5.033976124885215508e-01
5.843309124300859470e-01 4.861841556056432090e-01
5.844895233324984840e-01 5.071708823774939701e-01
5.985808498205192896e-01 5.219550880707906071e-01
6.199515819350530643e-01 5.475749227815343012e-01
6.172885883629685155e-01 5.664329242841640299e-01
6.139994991234660748e-01 5.729860589364721424e-01
6.470323065364387283e-01 5.813673929376409477e-01
6.633191418315385057e-01 5.774605559729526494e-01
6.785457884631437286e-01 5.834710743801653221e-01
6.835378579180232395e-01 6.582686367810336447e-01
7.064446114032890689e-01 7.226062275649052236e-01
7.483429334669003952e-01 7.618749478253610263e-01
7.619918190166123928e-01 8.095667417981466940e-01
7.963018615911178211e-01 8.416729276233408941e-01
8.148927289423156806e-01 8.596043075381918364e-01
8.228817096585692159e-01 8.586693380081810156e-01
8.245179063360882354e-01 8.508139243676432484e-01
8.046748476500542591e-01 8.427331162868353376e-01
7.798063277402120796e-01 8.203021955088070083e-01
7.544536271808999217e-01 8.009433174722430104e-01
7.501627848735286097e-01 7.810334752483513165e-01
7.699307120794723902e-01 7.840804741631188790e-01
8.003255697470573748e-01 8.029885633191418126e-01
8.153602137073212575e-01 8.218465648217714303e-01
8.251773937724350416e-01 8.250939143501127004e-01
8.236998079973286702e-01 8.139243676433760566e-01
8.120126888721930225e-01 7.999916520577677881e-01
7.948409717004759623e-01 7.806327740212037902e-01
7.763085399449035640e-01 7.504549628516570259e-01
7.539861424158944558e-01 7.239418983220636816e-01
7.548543284080473370e-01 6.963519492445111592e-01
7.476917939727857343e-01 6.945070540111861757e-01
7.207696802738124964e-01 7.117205108940646285e-01
7.149094248267802154e-01 6.980131897487269477e-01
7.033057851239669089e-01 6.896819434009517913e-01
7.128224392687202426e-01 6.898155104766674484e-01
6.984806745137323025e-01 6.750229568411386660e-01
6.683946907087403577e-01 6.449202771516820976e-01
6.527756907922197538e-01 6.353451874113030806e-01
6.333834209867267306e-01 6.160363970281326207e-01
