5.048668503213957770e-01 5.219050004173970692e-01
4.958594206528090798e-01 5.140245429501628660e-01
4.546790216211704094e-01 4.982803239001586393e-01
4.748643459387261179e-01 4.325653226479672098e-01
5.355789297938058358e-01 4.153101260539277528e-01
4.949327990650304598e-01 4.044327573253193031e-01
4.707571583604641674e-01 4.449870606895400260e-01
5.271975957926371414e-01 4.756824442774856276e-01
5.306286000500877176e-01 4.618081642875031534e-01
4.807746890391518813e-01 4.803155522163786717e-01
4.955505467902162620e-01 5.450121045162368283e-01
4.847483095416978971e-01 5.273311628683529095e-01
5.311211286417898414e-01 4.655313465230820347e-01
5.161532682193838983e-01 4.564988730277986795e-01
5.225060522581184141e-01 4.357542365806828522e-01
5.373570414892728797e-01 4.024209032473494707e-01
4.864596376993071125e-01 4.411303113782452101e-01
4.970030887386258645e-01 4.996660823107103577e-01
5.704148927289423021e-01 5.070456632440103473e-01
5.707404624759996326e-01 4.976124885215794658e-01
5.832957675932882724e-01 4.949912346606561431e-01
5.711829034143083295e-01 4.917188413056181595e-01
5.845062192169629967e-01 5.195425327656733039e-01
5.768428082477669028e-01 5.346356123215627587e-01
5.862175473745722121e-01 5.184489523332498351e-01
6.386760163619668029e-01 5.507387928875532301e-01
6.238584188997412516e-01 5.477669254528758636e-01
5.963352533600467797e-01 5.741798146756824650e-01
5.922865013774104570e-01 5.660739627681776742e-01
6.159028299524167416e-01 5.714917772769012583e-01
6.319475749227815298e-01 5.807412972702229448e-01
6.646214208197679385e-01 5.764337590783872312e-01
6.617998163452709637e-01 5.740378996577343296e-01
6.462559479088404446e-01 5.505718340429084368e-01
6.497954754153101309e-01 5.777777777777777235e-01
6.666165790132732027e-01 6.301360714583855716e-01
6.906336088154270136e-01 6.769847232657150160e-01
6.963018615911178433e-01 7.078804574672343808e-01
6.947074046247601053e-01 7.179731196260122905e-01
7.252525252525252597e-01 7.524250772184655212e-01
7.446447950580181718e-01 7.828616745972117874e-01
7.402287336171633481e-01 8.045412805743384910e-01
7.668419734535436572e-01 8.308372986058936149e-01
7.947491443359211427e-01 8.377994824275816210e-01
7.921779781283914135e-01 8.408548292845812178e-01
7.946322731446698873e-01 8.355371900826447096e-01
7.912847483095416523e-01 8.354119709491609758e-01
7.935553885967109311e-01 8.309959095083062630e-01
7.933633859253693688e-01 8.292595375240003897e-01
7.588529927372902328e-01 8.157692628767009291e-01
7.429501627848735801e-01 8.073211453376744062e-01
7.425327656732616521e-01 7.908172635445362975e-01
7.325486267635028526e-01 7.637365389431505225e-01
7.222973537023124058e-01 7.600968361298938714e-01
7.179230319726186416e-01 7.681192086150764320e-01
7.567827030636948837e-01 7.664245763419316182e-01
7.725269221136988884e-01 7.610485015443693158e-01
7.801986810251272386e-01 7.905501293931046503e-01
7.962350780532598815e-01 8.145838550797228628e-01
8.048334585524670182e-01 8.205943734869354245e-01
8.091910843976960477e-01 8.173553719008264107e-01
8.180148593371734389e-01 8.111027631688787487e-01
8.117205108940646063e-01 8.089656899574254600e-01
8.021537690959179567e-01 7.982302362467652568e-01
7.873194757492278928e-01 7.856999749561732749e-01
7.951414976208364127e-01 7.725269221136989994e-01
7.803405960430753741e-01 7.551965940395692911e-01
7.517655897821188260e-01 7.417981467568245391e-01
7.521746389514984976e-01 7.112196343601303594e-01
7.525169045830203407e-01 6.997161699641039068e-01
7.386342766508056101e-01 6.900409049169378140e-01
7.302362467651724032e-01 6.636864512897570068e-01
7.274062943484430610e-01 6.695550546790216551e-01
7.184823441021788160e-01 6.914350112697219553e-01
7.050672009349694402e-01 7.252942649636865413e-01
6.897153351698805945e-01 6.850237916353618672e-01
6.926120711244678763e-01 6.470239585942064720e-01
6.942983554553802117e-01 6.548376325235829576e-01
6.860589364721595418e-01 6.820018365472910737e-01
6.955171550212873033e-01 6.833959429000751040e-01
6.813840888221054382e-01 6.486100676183319536e-01
6.513982803239001251e-01 6.115201602804909431e-01
6.316720928291176262e-01 5.982970197846231297e-01
6.449035812672176959e-01 6.400116871191250389e-01
6.393939393939394034e-01 6.262375824359295295e-01
6.137323649720344276e-01 5.862759829701977843e-01
