4.642876052311113999e-01 4.566988344404060429e-01
4.456239741621221273e-01 4.680923788581390355e-01
4.152062265050034395e-01 4.890451070423498248e-01
5.464075819346640994e-01 4.906402032608324637e-01
5.805315825700216870e-01 5.253791201905000374e-01
5.910944035580028011e-01 4.804088003737082557e-01
4.917403505056387458e-01 4.746322733539176664e-01
4.161063165140043152e-01 4.773325433809202933e-01
4.706676550007941606e-01 4.667935147945174168e-01
4.842219516069254381e-01 5.022046508448313462e-01
4.795626621485677976e-01 4.584534402807369236e-01
5.332239106263567674e-01 4.884868233658808401e-01
5.631121935722983585e-01 4.431860907609748157e-01
5.227405093450521179e-01 4.210598275017375380e-01
5.288028802880287982e-01 5.091433193952307201e-01
4.363583417165245448e-01 5.281135708507560533e-01
3.940276380579235127e-01 5.429023915049732141e-01
4.378143696722613942e-01 4.879969009559184112e-01
2.887965267114946943e-01 5.229181145962696897e-01
3.437284904961083742e-01 4.936253118982784627e-01
3.940805845290411003e-01 4.561633378527725768e-01
3.729019960819611734e-01 4.929872734108853294e-01
4.357494572986709835e-01 4.909364354156934840e-01
4.818393604066288916e-01 4.969864075015096305e-01
4.377349499655848186e-01 5.020451412229830490e-01
4.340022237517869308e-01 4.928391573334548470e-01
4.889077143008418447e-01 5.037199922523898366e-01
4.877693651718112977e-01 5.640715970331210416e-01
4.143590829671202624e-01 6.095660198931285301e-01
4.625138984486683591e-01 6.063644339117456594e-01
5.068036215386244603e-01 5.622714170151192903e-01
4.820511462910996858e-01 5.650172612197928990e-01
4.915020913856090745e-01 5.912110198361608671e-01
5.670831789061259176e-01 6.201278355683670362e-01
6.089638375602266507e-01 6.342786177351912302e-01
5.973420871498914542e-01 6.189201198600872145e-01
5.810081008100809186e-01 6.193075003702901427e-01
5.885000264732355157e-01 6.436668983354031370e-01
6.137554931963784544e-01 6.502409734644349903e-01
6.357547519457829033e-01 6.746345520628012071e-01
6.297718007094827986e-01 7.149676993015757764e-01
6.739556308572033361e-01 7.258713213093460626e-01
6.282363530470693735e-01 7.379712654809785777e-01
6.464764123471170576e-01 7.515637639713337315e-01
6.967490866733733190e-01 7.665804555139058563e-01
7.288081749351406069e-01 7.695883512401872073e-01
7.355588500026473131e-01 7.832378174526314352e-01
7.715095038915655845e-01 7.853798038031651885e-01
7.763011595277173882e-01 7.763902972575738026e-01
7.620850320326150173e-01 7.983000831728741531e-01
7.864668819823158463e-01 8.288006015791452574e-01
8.206438290887911879e-01 8.324123551595665749e-01
8.200878911420553807e-01 8.421424420923105947e-01
8.064277015936888171e-01 8.565780628695780496e-01
8.144490919680202889e-01 8.454009957957822063e-01
8.221528035156456804e-01 8.422108033588169285e-01
8.312331233123313456e-01 8.375964178696351237e-01
8.023243500820670393e-01 8.146498194123210634e-01
7.871022396357282291e-01 7.855621005138488933e-01
8.100810081008100738e-01 7.879547448415726851e-01
7.797956266214857157e-01 7.323200674497829521e-01
7.317467040821730162e-01 6.827695427770625880e-01
7.077354794302960217e-01 6.591165445658491162e-01
6.961666754910785793e-01 6.176896170629722072e-01
7.089267750304442117e-01 5.776640955234764174e-01
6.779266161910308952e-01 5.357016714329659868e-01
6.455498491025573049e-01 4.942861374745070036e-01
6.107640175782284020e-01 5.067164944342535948e-01
6.772383120665007583e-01 5.006323417151842259e-01
6.547360618414782563e-01 5.247296881586893669e-01
6.276804151003335663e-01 5.532933040139457193e-01
6.411552919997881572e-01 5.655869384406795319e-01
6.570392333350982828e-01 5.424124690950108407e-01
6.285275586382166324e-01 5.272134808417550111e-01
6.431672579022607028e-01 5.237042691610933609e-01
6.790914385556202637e-01 5.248436236028666269e-01
6.457881082225869207e-01 5.368752065079924751e-01
5.945359241806533745e-01 5.539655231345919084e-01
6.037486101551331474e-01 5.507981177864621491e-01
5.666331339016255075e-01 5.465825063519009763e-01
5.966537830253613173e-01 5.130513051305131134e-01
5.452162863345157984e-01 5.178593808747963267e-01
5.324826600307088764e-01 5.155237042691610538e-01
5.054005400540053650e-01 4.897515067962492363e-01
5.148250119129560431e-01 4.652667798425412227e-01
5.954889606607720598e-01 4.848181020633709482e-01
