4.936229749631811381e-01 4.949179613765064545e-01
4.533726067746686184e-01 4.611006243647451930e-01
4.055817378497791337e-01 4.887033541454914864e-01
4.918114874815905369e-01 4.941483955278059836e-01
5.035051546391752231e-01 3.967039349499056344e-01
4.573784977908689209e-01 4.747930884274720320e-01
4.961561119293077526e-01 4.601277769711049626e-01
4.988954344624447756e-01 4.245099462755916320e-01
4.874079528718703314e-01 4.539857702918542737e-01
5.021060382916052722e-01 4.810222157688398004e-01
4.580559646539028584e-01 5.170175693335269385e-01
4.358026509572901497e-01 4.714244228256134761e-01
4.207511045655375481e-01 3.778858719326266824e-01
4.894550810014727804e-01 4.311601568171917753e-01
4.918114874815905924e-01 4.713953826049077644e-01
5.017083946980853693e-01 5.124437345723827919e-01
5.611634756995581563e-01 5.381152896762014803e-01
5.722385861561118947e-01 5.409757514157107483e-01
5.504123711340206393e-01 5.527080005808043817e-01
5.039617083946980047e-01 5.378103673587919520e-01
4.706627393225331080e-01 5.404094671119500370e-01
5.021207658321060752e-01 5.128502976622622000e-01
5.488512518409425223e-01 5.215188035429069169e-01
5.552135493372606367e-01 5.424713227820531225e-01
5.345802650957289792e-01 5.639756062146072946e-01
5.676730486008836341e-01 5.340496587774067327e-01
6.141237113402062686e-01 5.004936837519965431e-01
6.458615611192930483e-01 5.686075214171627534e-01
6.479381443298969367e-01 6.299404675475532844e-01
6.573048600883651948e-01 6.791200813126179181e-01
6.457437407952871800e-01 6.589516480325249281e-01
6.234020618556700422e-01 6.616378684478002592e-01
6.529896907216494739e-01 6.803978510236676769e-01
6.625036818851252063e-01 6.846377232466965834e-01
6.442120765832105578e-01 6.683461594308116593e-01
6.496318114874816141e-01 6.812690576448380275e-01
6.573784977908689875e-01 7.005372440830550662e-01
6.679528718703976464e-01 7.203717148250325941e-01
6.817525773195876049e-01 7.402207056773630889e-01
6.989101620029455342e-01 7.576738783214751471e-01
7.110456553755523101e-01 7.766371424422826575e-01
7.066568483063329076e-01 7.727021925366632793e-01
6.924889543446244300e-01 7.731087556265427985e-01
6.905596465390279048e-01 7.888775954697255788e-01
6.818262150220912865e-01 8.054160011616088299e-01
6.986597938144328834e-01 8.119500508203861822e-01
7.509720176730486640e-01 8.082619427907652421e-01
8.012518409425626320e-01 8.013648903731668272e-01
7.866273932253313728e-01 8.177000145201103187e-01
7.501914580265096610e-01 8.197037897488020919e-01
7.300441826215022800e-01 8.027443008566865768e-01
7.069072164948453363e-01 7.893857993320748667e-01
6.805596465390280070e-01 7.766226223319296906e-01
6.989396170839470290e-01 7.644983301873093939e-01
7.191899852724594755e-01 7.348337447364599040e-01
7.115316642120765867e-01 7.303034703063743249e-01
7.070103092783505128e-01 7.189342239001015322e-01
6.931516936671576756e-01 7.031799041672714967e-01
6.859646539027981493e-01 7.028459416291563677e-01
6.809572901325479100e-01 7.126324960069696512e-01
6.576730486008837140e-01 7.143023086975461844e-01
6.221502209131075656e-01 6.927109046028749884e-01
5.914580265095729095e-01 6.427036445476985715e-01
6.086008836524300358e-01 5.999128793378829538e-01
6.380265095729014124e-01 5.580804414113548217e-01
6.324153166421206951e-01 5.460287498184985822e-01
6.391899852724595155e-01 5.358211122404530347e-01
6.688807069219439017e-01 5.657470596776534855e-01
6.462592047128130623e-01 6.001742413242341367e-01
6.439617083946980181e-01 6.120081312617975389e-01
6.423711340206185172e-01 6.148105125598954945e-01
6.274963181148747182e-01 6.184260200377522665e-01
5.966421207658321180e-01 5.903005662843037182e-01
5.929307805596465419e-01 5.754900537244083125e-01
5.941237113402062509e-01 5.678669957891679942e-01
6.022385861561119214e-01 5.581240017424132782e-01
5.978939617083947056e-01 5.453753448526209580e-01
5.938586156111929082e-01 5.315667199070712723e-01
6.086745213549337175e-01 5.543778132713809148e-01
6.204123711340205904e-01 5.648468128357775342e-01
6.327687776141384113e-01 5.449107013213300155e-01
6.379970544918999176e-01 5.046754755336140263e-01
6.234020618556700422e-01 4.504428633657616143e-01
6.243740795287187062e-01 4.224626107158414579e-01
6.119440353460972037e-01 4.384347321039639978e-01
6.130633284241532310e-01 4.642224480906054773e-01
