4.807784986098239122e-01 4.514300493566394401e-01
5.214087117701575735e-01 5.117572256826949939e-01
5.762001853568118337e-01 5.147531090372222673e-01
5.840407784986098028e-01 4.764101127228054233e-01
5.088044485634846126e-01 3.635148824277431023e-01
4.275810936051899769e-01 5.046878030907170354e-01
4.784986098239110697e-01 5.273832359850851859e-01
5.113809082483781188e-01 4.963467465568894288e-01
5.523632993512510581e-01 4.484126128844537762e-01
6.119184430027804211e-01 4.407397029980386627e-01
5.910843373493975816e-01 4.831777916675646933e-01
5.045412418906394247e-01 4.706123240726771129e-01
4.892678405931418228e-01 5.002047546177554871e-01
4.632622798887858773e-01 4.531542987693169544e-01
4.909545875810936155e-01 4.211263659288315697e-01
5.398331788693234712e-01 4.794491023126495333e-01
5.740685820203893508e-01 5.132228376834708783e-01
6.205560704355885804e-01 5.280513826324977344e-01
6.526227988878591235e-01 5.791107183654116142e-01
6.219277108433735046e-01 6.243507123305385154e-01
6.174420759962928607e-01 6.501066879324094439e-01
6.521223354958294305e-01 6.822208332435286682e-01
6.872845227062094331e-01 7.110589046705605432e-01
6.611306765523632389e-01 7.134297476129922710e-01
6.368674698795180333e-01 7.417289910985623846e-01
6.669323447636700264e-01 7.540358212815483352e-01
6.630027803521779672e-01 7.455654460417699969e-01
6.181278962001853783e-01 7.204345108519947249e-01
5.835403151065801097e-01 6.614867340560811604e-01
5.164040778498609763e-01 6.387266418087376163e-01
4.703985171455050684e-01 6.100394422053150301e-01
4.540129749768304079e-01 5.765458973640537055e-01
4.697868396663577029e-01 5.164773584498998371e-01
4.562557924003707299e-01 4.846218505506820762e-01
4.151621872103799515e-01 4.774446623704119430e-01
4.507692307692307554e-01 4.409983404099402926e-01
4.746246524559777913e-01 4.406750436450632691e-01
5.328822984244671046e-01 4.802896739013298721e-01
5.742910101946246959e-01 5.299480569864430946e-01
6.146617238183503806e-01 5.567816884712374348e-01
6.014457831325301651e-01 5.994353083173480368e-01
6.045227062094531423e-01 6.272819363320905062e-01
5.953290083410565092e-01 6.203633855637217254e-01
5.936607970342909768e-01 5.721275082440674398e-01
5.560333642261352516e-01 5.881414746643102154e-01
5.356626506024095846e-01 5.705325775373407682e-01
5.230954587581093662e-01 5.937021790201952864e-01
5.650046339202966506e-01 6.027544884367523892e-01
5.831881371640407208e-01 6.135741535013039538e-01
5.681742354031511510e-01 5.789382934241438239e-01
5.227062094531973457e-01 5.591094251783520486e-01
4.843002780352178016e-01 5.294954415156152283e-01
