5.044019933554817481e-01 4.401514183490927712e-01
4.671843853820598080e-01 4.609235241502683267e-01
4.244850498338870737e-01 4.291224763608484927e-01
4.455066445182724877e-01 4.802980449782775496e-01
4.652740863787374614e-01 5.636819575773064361e-01
4.743770764119601413e-01 5.777216969077434428e-01
4.043770764119601346e-01 4.928044339381548178e-01
3.613122923588039659e-01 4.747476360848453814e-01
4.553737541528239396e-01 5.448824431382570666e-01
5.181810631229235575e-01 5.477095578839764611e-01
5.513621262458471284e-01 5.580676590851009200e-01
5.614451827242524784e-01 5.128258369537439521e-01
5.771594684385381591e-01 5.389167518527984146e-01
5.658554817275747162e-01 5.579478660874009899e-01
5.748920265780731453e-01 5.662455277280857846e-01
6.399750830564784332e-01 6.371869409660106953e-01
7.094601328903654691e-01 7.222479555328392697e-01
7.072342192691030149e-01 7.421176207513416889e-01
7.021428571428571797e-01 7.407679529772552840e-01
7.102408637873756092e-01 7.522521083567594857e-01
7.499003322259135684e-01 7.768256452849477967e-01
7.940697674418605301e-01 8.391020316892410236e-01
8.118521594684385834e-01 8.652728085867620322e-01
8.462043189368770868e-01 8.759663301814465397e-01
8.824750830564784820e-01 8.902137107078968992e-01
9.049086378737541958e-01 9.113851265014055736e-01
9.049667774086378458e-01 9.266387682085357458e-01
9.036378737541528317e-01 9.170633145923843266e-01
8.962956810631229621e-01 8.964908637873755248e-01
8.980564784053155503e-01 8.885845259391770279e-01
8.898421926910299318e-01 8.886963327370304144e-01
8.693770764119601591e-01 8.892553667262969030e-01
8.388704318936877069e-01 8.607446332737029859e-01
8.185548172757475260e-01 8.447402887809863925e-01
8.206063122923588082e-01 8.505382698696652977e-01
8.437624584717609011e-01 8.667103245591617489e-01
8.661627906976745450e-01 8.737621390237669816e-01
8.712043189368769980e-01 8.646418987988756522e-01
8.659551495016609701e-01 8.585404421160235389e-01
8.491445182724252083e-01 8.561365959621772825e-01
8.335049833887042681e-01 8.415537950421672075e-01
8.091029900332226132e-01 8.270268975210834927e-01
7.764285714285713569e-01 8.152552389470993921e-01
7.618438538205980493e-01 8.081075900843343041e-01
7.677906976744186540e-01 7.980369920776897441e-01
7.776079734219268902e-01 7.833503705596729372e-01
7.827242524916944166e-01 7.773687068745207540e-01
7.775996677740864005e-01 7.912008050089445188e-01
7.903073089700997089e-01 8.026530155890621021e-01
7.890116279069768757e-01 7.912966394071044851e-01
7.763039867109634562e-01 7.656210069000766172e-01
7.404817275747508365e-01 7.322307053411705180e-01
