6.021563342318059231e-01 5.088807488807488566e-01
6.139163422182289942e-01 5.325518925518926139e-01
5.327543176599780494e-01 5.399592999592999210e-01
4.864929619646600201e-01 5.036711436711436285e-01
4.610362383947289588e-01 5.302564102564103488e-01
5.157432364979535055e-01 4.751159951159951156e-01
5.654387541179994869e-01 4.993569393569393111e-01
5.529000698812019943e-01 5.185673585673585828e-01
4.444045123290406574e-01 5.368172568172567827e-01
4.975940900469202344e-01 5.538461538461538769e-01
5.301587301587301626e-01 5.539275539275538840e-01
5.634621144055106390e-01 5.666910866910866984e-01
5.595687331536387532e-01 5.526088726088725922e-01
5.501048218029349623e-01 5.959951159951160093e-01
5.751422581611261853e-01 6.509238909238909132e-01
5.858839972047519273e-01 6.953032153032152607e-01
6.026554856743536748e-01 7.103296703296703152e-01
6.491364680043925084e-01 7.051200651200650871e-01
7.144055106319258108e-01 7.388359788359788460e-01
7.613257462314066970e-01 7.986487586487587276e-01
8.040531097134870908e-01 8.035327635327635942e-01
8.279125486672657130e-01 8.000000000000000444e-01
8.365977837675950823e-01 8.300691900691899994e-01
8.303883398223020906e-01 8.250712250712251006e-01
8.225616452031546677e-01 8.188034188034187810e-01
8.156134571228910168e-01 8.146520146520146444e-01
7.877807726864330951e-01 8.175172975172975143e-01
7.980632924029150699e-01 7.933903133903134064e-01
7.934112009583708103e-01 7.629955229955229790e-01
7.894579215333932254e-01 7.640374440374441134e-01
7.428970749725467559e-01 7.490109890109889479e-01
7.071777977438354901e-01 7.192673992673992434e-01
6.878905860037936026e-01 7.145136345136345879e-01
6.796246381152042382e-01 7.080504680504680071e-01
6.802635519616651028e-01 7.178673178673178334e-01
7.008485574523309891e-01 7.199511599511599913e-01
7.098532494758910127e-01 7.186161986161986315e-01
6.992113407207747322e-01 6.816280016280016341e-01
6.711989617649996021e-01 6.938868538868538938e-01
6.334231805929919634e-01 6.947985347985348170e-01
6.149545772187280379e-01 7.084411884411884186e-01
6.146750524109013680e-01 7.019617419617419918e-01
6.297494259758411594e-01 6.693691493691493744e-01
6.213037835679344756e-01 6.587871387871387929e-01
5.763202555655386750e-01 6.544240944240943270e-01
5.665169212339024041e-01 6.678551078551078213e-01
5.790556054706998967e-01 6.866748066748067370e-01
5.646401118099231287e-01 7.130647130647130849e-01
5.838674253768593170e-01 6.885307285307286085e-01
6.034940600978336844e-01 6.718111518111518077e-01
5.941898772087451652e-01 6.743019943019943341e-01
5.668363781571329474e-01 6.367277167277166638e-01
