4.881102782222970782e-01 5.129134029590949329e-01
4.631376512535443912e-01 4.915687554395126169e-01
4.834779190881270949e-01 4.399912967798085273e-01
4.891069373087397198e-01 4.890557006092254300e-01
4.739184143294309370e-01 5.631744995648390040e-01
4.846149526937870711e-01 5.297432550043515986e-01
5.116370476431117975e-01 5.046888598781549273e-01
5.352340043235351841e-01 5.032093124456048505e-01
5.603891181672702171e-01 4.960835509138381560e-01
4.606389848114769703e-01 4.630221932114881866e-01
3.813414189056402726e-01 4.380765883376849801e-01
5.217720879305989268e-01 4.971932114882506859e-01
5.699626603778882306e-01 4.570060922541340220e-01
5.069345012493332581e-01 4.325174064403829455e-01
5.024284791824588092e-01 5.051675369886857725e-01
5.430388275920154939e-01 5.568102697998258410e-01
4.865240461551419426e-01 5.461053089643167491e-01
4.678261601954013527e-01 5.364120974760662186e-01
4.302057890451725375e-01 5.092798085291557753e-01
4.302900137567028382e-01 4.869016536118363492e-01
4.189898649597125213e-01 5.111292428198433990e-01
4.105393189028327394e-01 5.362380330722367194e-01
3.562424548695920512e-01 5.155461270670147478e-01
3.929784665487520701e-01 4.734116623150566028e-01
4.824531850978410752e-01 4.857593559617057744e-01
4.886998512030095165e-01 5.350304612706701102e-01
5.042814228361267581e-01 5.873585726718886235e-01
5.309806563912518040e-01 6.269691035683203628e-01
5.551391111485443064e-01 6.177110530896432472e-01
5.317527162469468660e-01 6.233572671888598649e-01
5.231758331227716052e-01 6.305156657963446598e-01
5.439231870630842902e-01 6.204090513489991521e-01
5.881411606165248829e-01 6.468559617058311506e-01
6.449226536399111920e-01 6.994342906875543608e-01
6.775456919060053318e-01 7.175261096605743960e-01
6.937308739717565897e-01 7.241187989556134852e-01
6.885510542126394018e-01 7.502610966057441377e-01
6.713692130604452801e-01 7.577132288946910599e-01
6.783598641174654054e-01 7.848999129677980413e-01
7.000758022403774650e-01 7.905352480417754402e-01
7.271259720935455695e-01 7.866187989556135962e-01
7.311827956989247479e-01 7.526871192341165751e-01
7.192369241135349034e-01 7.258159268929503805e-01
7.252870658917993651e-01 7.156766753698868833e-01
7.380892220444145169e-01 7.063424717145344589e-01
7.613071675229512447e-01 7.489664926022627789e-01
7.802436901653611034e-01 7.933637946040035249e-01
8.000224599230748579e-01 8.128154917319407868e-01
8.154636570369746540e-01 8.027306353350740498e-01
8.166006906426345191e-01 7.881527415143603221e-01
8.043038827592016160e-01 7.790252393385552754e-01
7.548920519947218688e-01 7.780896431679722447e-01
7.463432437743899861e-01 7.742493472584855985e-01
7.353940312754428943e-01 7.671779808529154421e-01
7.337516494006007806e-01 7.529808529155788133e-01
7.152362503158427032e-01 7.494342906875545163e-01
7.233218226227574599e-01 7.428307223672758752e-01
7.303966983913079414e-01 7.444081810269800314e-01
7.152924001235294593e-01 7.369016536118364602e-01
6.989949184424043560e-01 7.321801566579634324e-01
6.820236390690361805e-01 7.351066144473454855e-01
6.696987562817596773e-01 7.398281114012185133e-01
6.601813638788287530e-01 7.455831157528285402e-01
6.384654257559168045e-01 7.719321148825065704e-01
6.292428198433420716e-01 7.488250652741513802e-01
6.265335916224487045e-01 7.041775456919060483e-01
5.920014598949998597e-01 6.729221061792863834e-01
6.017574889806002192e-01 6.298085291557876664e-01
6.034560206631292001e-01 5.874456048738033731e-01
5.969286055195260898e-01 5.757615317667537091e-01
6.007046800864707103e-01 6.049064403829416126e-01
5.921558718661388276e-01 6.049499564838990429e-01
5.799152137903927917e-01 5.774042645778938443e-01
5.935876919621551062e-01 5.603350739773717004e-01
5.762935511945872502e-01 5.570604873803307600e-01
5.698222858586708961e-01 5.473128807658833583e-01
5.801538504730621160e-01 5.284595300261096806e-01
5.791993037423847079e-01 5.084856396866840322e-01
5.636458070131108444e-01 5.097911227154046099e-01
5.544232011005362226e-01 5.151762402088773118e-01
5.581571633117157205e-01 5.115644038294168139e-01
5.330160869199023210e-01 5.133268059181896881e-01
5.155394592773518969e-01 4.984660574412532741e-01
5.233442825458323178e-01 5.046779808529155975e-01
5.217299755748336931e-01 5.239773716275021309e-01
4.914511917796681173e-01 5.170147954743254948e-01
