5.823351405875677456e-01 5.400144427505416678e-01
5.542806707855252313e-01 5.533017732488165752e-01
4.821165889127053683e-01 5.915429671828612568e-01
5.196066069852478542e-01 5.248816496830617240e-01
5.219812549909637056e-01 4.579635721736339260e-01
5.360189971840458867e-01 4.842654256599534524e-01
5.443617870802336389e-01 4.675439300328974035e-01
5.605850460219391485e-01 4.444515766669341339e-01
4.940318581095279882e-01 3.837920243922008923e-01
3.647081074265540179e-01 5.156703843376394536e-01
5.091413440928003187e-01 5.693332263499959467e-01
5.019333417391670382e-01 5.196341169862794818e-01
5.017021813138318187e-01 5.006017812725667149e-01
4.832723910393812994e-01 4.935890235095883316e-01
4.865716807464379734e-01 4.028083126053116914e-01
5.054427772874374725e-01 4.711385701676963356e-01
4.021350817467322369e-01 4.995426462328492190e-01
4.552179212373386741e-01 5.179651769236940373e-01
3.434833774639600157e-01 4.904116183904356774e-01
3.809944101206237388e-01 5.302254673834549958e-01
4.263648972386836489e-01 5.320067399502527161e-01
4.423569957550539944e-01 5.441546979058010658e-01
3.640986844870340300e-01 5.552756158228356886e-01
3.354768209137141133e-01 5.612613335472999010e-01
4.093220695162442802e-01 5.330498274893684663e-01
4.869499432606228528e-01 6.027441226029046639e-01
4.965325936199722623e-01 6.207654657787049501e-01
5.198167528264615589e-01 6.073818502768193461e-01
5.410204682049343239e-01 6.029045976089224546e-01
5.904677846425419041e-01 6.008505175318944458e-01
5.935779430925061106e-01 5.821230843296155699e-01
6.182910940192493099e-01 5.869533820107517563e-01
5.972554953137476641e-01 5.842092594078471812e-01
5.750220653133274462e-01 5.604268635160073453e-01
5.756525028369687824e-01 5.564149883655620243e-01
6.322237632917244721e-01 5.602984835111931572e-01
6.402513344260916117e-01 5.753349915750622934e-01
6.139410751061236127e-01 6.439541041482790273e-01
6.159164460135333474e-01 6.808633555323757580e-01
6.441600470726683847e-01 6.972478536467945354e-01
6.487412264111294125e-01 6.948407285565273428e-01
6.351447904845962666e-01 7.092192890957232931e-01
6.354600092464169903e-01 7.107758966540962398e-01
5.910351784138191400e-01 7.110166091631228147e-01
5.825242718446601575e-01 6.920645109524191652e-01
6.197411003236246163e-01 6.819545855732970230e-01
6.122809229605347126e-01 6.869614057610528013e-01
5.844155844155844992e-01 6.682660675599776390e-01
6.180809481780354941e-01 6.327850437294391117e-01
6.355860967511453019e-01 6.064831902431195854e-01
5.898793762871432644e-01 6.406483190243119630e-01
5.148362963896944144e-01 6.474203642782636603e-01
5.239356113142521476e-01 6.342132712829976482e-01
5.575379313243391532e-01 6.424937815935167773e-01
5.860757365611735104e-01 6.621359223300971042e-01
5.161602151893414092e-01 6.445478616705447861e-01
5.433951162106501753e-01 6.417716440664366084e-01
6.003866683478333854e-01 6.813929230522345337e-01
6.192787794729541773e-01 6.806226430233490721e-01
5.805909301054932303e-01 6.733049827489369088e-01
6.129533896524187453e-01 6.782315654336836808e-01
6.388853864582020314e-01 7.066035464976330172e-01
6.735594502584792975e-01 6.644146674155499976e-01
7.166183331231874565e-01 6.519136644467623531e-01
7.179842810910771478e-01 6.361068763540078663e-01
6.855797923759089363e-01 6.475968867848832522e-01
6.682847896440129443e-01 6.407446040279226596e-01
6.641869457403437593e-01 6.436973441386502071e-01
6.173244231496658463e-01 6.284843135681618120e-01
5.966040432059849241e-01 6.408569365321350464e-01
5.848358760980120197e-01 6.486078793227955108e-01
6.403774219308199234e-01 6.349514563106796183e-01
6.377716134997688524e-01 5.989569124608842277e-01
6.201613920060521368e-01 6.366524913744684433e-01
6.323078216282098651e-01 6.438417716440664185e-01
6.423738074223511729e-01 6.185669581962608410e-01
6.689992855041397846e-01 5.782074941827810566e-01
6.412180052956751863e-01 5.776458316617186783e-01
5.634220148783255500e-01 5.559014683463050499e-01
4.972260748959778653e-01 5.412661477974806123e-01
5.329508679023241546e-01 5.464655379924576728e-01
4.611650485436892821e-01 5.561582283559335371e-01
3.914806875971925115e-01 5.831019818663243370e-01
4.377758164165930777e-01 5.769878841370456035e-01
4.921615601227251613e-01 5.574741234052795757e-01
4.745933677972513087e-01 5.161197143544893340e-01
