5.119604415678493670e-01 4.118168095113340366e-01
5.471882332561692763e-01 3.541549708696682952e-01
4.861970677627123760e-01 4.058909390321494559e-01
5.156926662572243192e-01 4.951033596566738471e-01
4.933780570384718178e-01 4.730341704405105485e-01
4.534416780838097516e-01 4.498297091957034199e-01
4.639769452449568066e-01 4.458749703706476053e-01
5.260232122328781790e-01 5.223748393777212229e-01
4.662446260688808408e-01 4.630288059682872159e-01
4.249854333002630047e-01 4.604463739910426012e-01
4.822916174548432799e-01 5.930361665231982382e-01
5.225744476464936339e-01 5.557218957795326819e-01
4.243870175272829726e-01 4.576019561610339959e-01
4.608588841120612178e-01 4.080242524046558961e-01
4.636777373584667350e-01 4.024726474294197942e-01
4.778822380749908616e-01 4.382649051236947590e-01
5.335821483126250708e-01 4.596105143655576097e-01
5.524637407284924695e-01 4.693913195354117440e-01
5.150312593502464065e-01 4.800079843307508698e-01
4.673942142643422448e-01 5.094502039746997557e-01
5.147792948142548841e-01 4.962136806517210008e-01
5.447630745972504851e-01 5.126065097246653712e-01
5.302751137777357293e-01 5.382062701947427641e-01
5.380387710429757053e-01 5.700687400975585906e-01
5.588415930457788505e-01 5.860124505657646754e-01
5.900851955087321743e-01 6.392330052272415797e-01
6.884615990299364219e-01 6.759983532317827004e-01
7.205083384513629730e-01 7.040183639607270338e-01
7.034849844884333292e-01 7.394862582182467614e-01
6.880679044424496960e-01 7.061516773332334740e-01
7.045085904158989720e-01 6.520952630462716337e-01
7.041621391789105733e-01 6.195965417867435043e-01
6.621785483693169994e-01 6.328081140761256940e-01
6.661154942441851468e-01 6.376486145938595751e-01
6.789971811467535590e-01 6.839951594994823081e-01
7.198941748948834984e-01 7.401724116421521948e-01
7.446181949890552376e-01 7.699764212732512769e-01
7.556888867891843331e-01 7.800192122958693464e-01
7.681296357537676922e-01 7.715109098394400400e-01
7.726492496181162073e-01 7.651608717891138500e-01
7.633265617864285479e-01 7.777860947889766452e-01
7.417993417426497205e-01 7.918959042878350729e-01
7.270909119541424381e-01 7.798196040270968243e-01
7.213114754098360892e-01 7.574759534413711970e-01
7.211067542243428941e-01 7.549558990481181064e-01
7.183351443284357041e-01 7.594720361290966393e-01
7.190595423694114974e-01 7.647367042179722407e-01
7.259885671091793613e-01 7.615928739848049078e-01
7.422717752476338804e-01 7.784597726960839070e-01
7.437520668965842408e-01 7.944284341978866681e-01
7.364135997858302085e-01 7.789962199184099489e-01
7.548227586967133362e-01 7.433287173921180324e-01
7.422245318971355532e-01 7.276968948438690132e-01
7.530905025117713425e-01 7.038062801751562292e-01
7.477677516889498222e-01 6.703469441221602265e-01
7.325711406119588265e-01 6.343051760919196091e-01
7.000992110360466647e-01 6.090297790585975646e-01
6.335018346167776704e-01 5.766932395174469983e-01
6.019432764838348326e-01 5.778908891300822415e-01
6.175808254988111035e-01 5.950197736941253979e-01
6.472181540448181947e-01 6.181743328717391739e-01
6.158170737468701139e-01 5.908155245331038197e-01
5.267161147068550875e-01 5.850892623226916500e-01
5.068424119305208198e-01 5.991990718215501888e-01
5.053463724980709060e-01 6.064348715645545562e-01
5.484480559361269991e-01 6.198460521227091569e-01
5.523850018109950355e-01 6.125853013461082242e-01
5.156611706902253234e-01 6.001846376486146273e-01
4.582604998346482827e-01 5.983382611624685765e-01
4.464969055605423898e-01 5.833177389373355171e-01
4.809215602903890718e-01 5.505819828586399067e-01
5.130785341963117752e-01 5.195054705141159967e-01
5.570305979433394228e-01 5.343887620544680583e-01
5.621171320136690852e-01 5.515425976521076690e-01
5.427631060928175266e-01 5.469640829871377230e-01
5.533141210374640240e-01 5.317938545604251610e-01
5.681642808774665099e-01 5.247701386029915982e-01
5.292830034172690823e-01 5.102860636001846917e-01
5.302593659942362869e-01 4.972865750963733067e-01
5.106533755373930950e-01 4.611200518981498631e-01
5.202595234720712725e-01 5.165737240665194685e-01
5.348104754255839088e-01 5.046471300073605004e-01
4.955669989448985291e-01 4.762653292912659153e-01
4.571109116391867677e-01 5.117456990655837590e-01
4.535991559188044531e-01 5.508439687114039529e-01
4.537723815372986524e-01 5.506693114762278851e-01
