4.598969072164947880e-01 4.546972556991433212e-01
4.461413843888071273e-01 4.698707710178596786e-01
4.512812960235640380e-01 4.463772324669668112e-01
4.876435935198821792e-01 4.319297226658923017e-01
4.919145802650956578e-01 4.628865979381443507e-01
5.022533136966126355e-01 4.407434296500652993e-01
5.023269513991164281e-01 4.737621605924204893e-01
3.903387334315169821e-01 4.044576738783214886e-01
4.674521354933727224e-01 4.087556265427617075e-01
5.178792341678939426e-01 5.129083781036735123e-01
5.665537555228277178e-01 5.441846958036880011e-01
5.192783505154638934e-01 5.348337447364599484e-01
5.155522827687776255e-01 5.315231595760128158e-01
5.217820324005890686e-01 5.313924785828372244e-01
5.529455081001473093e-01 5.555394220996079380e-01
5.869955817378498253e-01 5.421083200232321708e-01
6.287334315169367249e-01 5.666473065195295478e-01
6.704123711340206349e-01 6.447945404385073687e-01
6.419440353460971194e-01 6.786263975606214860e-01
6.502061855670102641e-01 6.833018730942356234e-01
6.530780559646538475e-01 6.852766081022216849e-01
6.550368188512517564e-01 6.936111514447510507e-01
6.664064801178203323e-01 7.164512850297661828e-01
7.062592047128130046e-01 7.525337592565702893e-01
7.077614138438880209e-01 7.737476404820675668e-01
7.130044182621502191e-01 7.911427326847683128e-01
7.013991163475700175e-01 8.086975461013504729e-01
7.380854197349041579e-01 8.161899230434150887e-01
7.747422680412371365e-01 8.216494845360824417e-01
7.802356406480117634e-01 8.178306955132859102e-01
7.439027982326951172e-01 8.156381588500072333e-01
7.177761413843887217e-01 7.899666037461884338e-01
7.213107511045655507e-01 7.603600987367503672e-01
7.245655375552282340e-01 7.394075794976042726e-01
7.124447717231221500e-01 7.182808189342239080e-01
6.947864506627393633e-01 7.209815594598518729e-01
6.572606774668630081e-01 7.177726150718745091e-01
6.274374079528718395e-01 6.763177000145200735e-01
6.262297496318116607e-01 6.039059096849135333e-01
6.414580265095730649e-01 5.487440104544795139e-01
6.541089837997055012e-01 5.820095832728329199e-01
6.552430044182622204e-01 6.016262523595179434e-01
6.396907216494844839e-01 6.202555539422099917e-01
6.122680412371134251e-01 6.067373312037170896e-01
5.990868924889543035e-01 5.883403513866705126e-01
6.051988217967599892e-01 5.646435312908377746e-01
6.051840942562591863e-01 5.583998838391170949e-01
6.182916053019146263e-01 5.645273704080151500e-01
6.341531664212076702e-01 5.404820676637143162e-01
6.358762886597936204e-01 4.844925221431682916e-01
6.335346097201767224e-01 4.512124292144620297e-01
6.164948453608246615e-01 4.504573834761144702e-01
