2.792836226860612243e-07 4.584228888304148202e-06
-2.292169507679924228e-07 4.487905423631419576e-06
-2.983527598377734188e-07 1.168566181771899382e-06
-2.139125092309955562e-07 -1.577083154299535299e-07
-3.137967277880406525e-07 3.165934256018429962e-07
-4.370935674858128622e-07 1.825110626603741484e-06
-4.455126294178508072e-07 2.265903016859775409e-06
-6.261021260015582338e-07 1.845902079065681479e-06
-2.441002646475865727e-07 7.055113050638424530e-07
-1.321465271448837979e-06 9.104811931161597399e-07
-5.762568419446118065e-07 -9.658192717118662399e-07
-7.509326619176870155e-07 -1.106079766239099574e-06
-1.015397919605161017e-06 -1.310366730767983171e-06
-1.029649665540874067e-06 1.865001510480329630e-07
-3.223377186701727263e-07 4.444255436567735136e-07
-8.005420895435872068e-07 -2.987928486493150214e-07
-4.609502495386745848e-07 -7.322588567763265541e-07
-1.036549572142488289e-06 -4.231879209130211466e-07
-7.076346689600247965e-07 -2.754392220926035382e-07
-8.490969433493335148e-07 3.015120574107556065e-07
-1.211276464606628389e-06 -3.872106113609188634e-08
-1.124913047993252878e-06 1.917509176885707093e-07
1.228859583176247257e-06 5.376989709604785314e-07
-6.567812451930020144e-07 -4.448647389359029122e-07
-4.532351895834170430e-07 2.383826336196185935e-07
-5.618707244829754011e-07 6.483076155308773609e-07
1.758280051719974741e-07 2.193962820950778918e-07
4.590126128935583272e-07 -9.905541132178981437e-07
4.802135842619784110e-07 7.135342216915667960e-07
-7.564761290564073072e-08 6.731667296455454927e-07
-3.628737455679983763e-07 2.724488469957028240e-07
-1.179488844562275053e-07 -6.263077390566876322e-07
6.746603935864372031e-07 3.336290232678028136e-06
4.249522722807692269e-07 2.268508036550896569e-06
3.453556854950538930e-07 -7.482341935042571766e-07
-3.465830124434656789e-07 3.915227085252537904e-08
2.756567082061456286e-08 5.974161430094194266e-07
1.001364490866727042e-07 -6.834155690827950700e-07
1.899268851288672323e-07 -5.487625079786784772e-07
-1.435462663200582209e-07 -1.025552829359943117e-06
2.745071213094302146e-08 -1.534362027498317401e-06
6.295658214699953684e-07 -1.977758427144916333e-06
7.752129533963680978e-07 -1.064539932603435318e-06
6.878252792656275333e-07 -1.189615501563403772e-06
-2.013800697515484645e-08 -1.163747912954595886e-06
-2.327317123550888210e-07 -1.116200697097064778e-06
-2.809678096527581061e-07 -1.479126044766503811e-06
-2.760603668175584267e-07 -1.279038609461633307e-06
2.317578385275755542e-07 -1.150613366650678043e-06
2.888527209685269221e-07 -6.791712980192608506e-07
4.537079534212925260e-07 -7.057320335242022444e-07
1.479314929310669043e-06 -1.488485177636813912e-06
8.256021091808702358e-07 -3.277608729121668210e-07
9.910306778160337863e-07 -4.332299009700563071e-07
6.804739023362844391e-07 -5.194785005493548665e-07
-2.408051930540355966e-07 -3.192022517809992239e-07
1.231352367228189070e-07 4.819915301940543827e-08
6.951480643292601222e-07 -2.254706788707257734e-07
5.574122604586937045e-07 -7.293575060880465007e-07
1.544791040901167159e-06 6.681039185521363407e-08
1.317225753808272292e-06 -8.095090379921949140e-07
6.413241446153980489e-07 -2.721406831645103052e-07
5.586881631398988091e-07 7.778987481130904480e-08
8.899660938583648549e-07 -1.308860670370116900e-07
