-1.244714066443395396e-06 2.069761871742548399e-06
-2.207333518877677603e-06 8.042622818033846438e-07
-7.024587678789759153e-07 9.386899493234629007e-07
-4.961263494889343903e-07 2.081764115302751889e-07
-7.048362348798574337e-07 -6.687396671129046755e-08
-1.406399891927056725e-06 -2.941912670939019198e-07
-1.885387397394022473e-06 -2.180300129966042400e-07
-2.223289915583720799e-06 -4.240807340714803548e-07
-6.635049954414596949e-07 -6.831146252958881720e-07
-9.542568378627762563e-07 -4.064634074397800609e-07
-1.235777862584909329e-06 -5.184182679895204784e-07
-5.785222312617184781e-07 -5.145290024422186121e-07
-9.679958938893302953e-07 -1.186076789965033891e-06
-1.043608091144213576e-06 -1.087812992696514874e-06
-1.375493787694213185e-06 -1.307121134423512402e-06
-9.037740530881143334e-07 -3.715651200343133750e-07
-8.765914477296838359e-07 -8.648633401085618530e-07
-9.232222768884007943e-07 -5.430034778937914341e-07
-9.945727677285836184e-08 -3.057059878898967356e-07
1.249616882771001054e-06 -1.000717492848521116e-08
8.840994569758346508e-07 -3.306929069228760243e-07
2.457688204286098060e-07 -5.380976599365011852e-07
1.876944352717695710e-07 -1.124880422912941157e-07
-5.053711399989087943e-07 -1.373528803478484297e-06
6.636616243994313199e-07 1.399589409654200525e-07
1.592315971233050107e-06 1.040874276357712948e-07
1.725627190819361650e-06 -1.217918611572117056e-08
1.150763402730606649e-07 -7.417736502944413147e-07
1.744494386214849220e-06 -1.975687059265341915e-07
1.975506502792524738e-06 9.909637227610352037e-08
1.610443322206240552e-06 1.722486829147765320e-07
1.057229060283208830e-06 1.757380581916497346e-07
-7.361986461468026680e-07 2.505258677495473080e-06
-2.098970773792865090e-07 2.468385445860719289e-06
1.100976926548102813e-06 2.208044385296223769e-06
7.931177363839905716e-09 1.353758505263037185e-06
-7.898239760397853340e-07 9.025460982709147785e-07
-6.684829295827374373e-07 -7.392863897173034208e-09
-4.093937067476179991e-07 9.053236364616543610e-08
-4.603294319572149870e-08 1.748188980328764713e-07
-4.580706985299507319e-08 5.794516790480237702e-07
4.071245499994360844e-07 7.862321361306530182e-09
4.215376894728226148e-08 3.312282976218153025e-07
3.585494622719762427e-07 -2.404523778544974309e-07
-2.061685278717224252e-07 -4.426172248698441971e-07
-4.711387896271559757e-07 -1.059542957106281727e-07
-7.567147627764070956e-07 -2.048538832907216541e-07
1.361176691026351331e-07 4.249352157560814069e-08
2.985273301488845325e-07 -9.664414107285641100e-08
-3.592042439223183205e-07 -7.561009394254400514e-08
5.929828174963724323e-07 3.189798137525416291e-07
4.600077729655334577e-07 -6.220688064334613495e-07
4.779732478385505051e-07 -1.374069376800007142e-07
4.133138259318680531e-07 1.058793008439761056e-07
5.825078924942825518e-07 2.820079163522261899e-07
8.891534817223333050e-07 -3.527685420963854211e-08
1.350763224295547214e-06 2.759018057444162410e-07
1.244474680797761420e-06 9.970382437623697464e-08
5.001861447845993358e-07 -2.074472232841467375e-07
9.294121706611807292e-07 3.282791262869660587e-09
-1.156260390290821368e-07 -7.786888256806058683e-07
6.906339323065390600e-07 -8.541451749096579830e-07
1.216307329589626321e-06 -1.383865396190942658e-07
1.061979350066547576e-06 -4.070241427863327576e-07
