-2.422231920156081525e-06 -2.209420370325050971e-06
-2.051971097091472867e-06 -1.868581502877854798e-06
-1.393242649242299573e-06 -9.206613556154147840e-07
-7.607978667268683779e-07 -1.787278642086852480e-08
-1.078707639741615899e-06 -1.025567027551536510e-06
-8.197087919929038604e-07 -4.273401334474112927e-07
-1.218494390522758074e-06 -6.912156079556013067e-07
-3.504017664043390271e-07 4.633806039309570522e-07
-3.729017654936094103e-07 -2.968429453243450014e-07
-5.467057705884044184e-07 1.238045239948402290e-07
-2.281981641296677234e-07 -6.968039881907730021e-07
-2.378596030702718414e-07 3.148973540763264343e-07
-4.092962836928109143e-07 -6.492361901216840702e-07
-2.380436079435483160e-07 4.931999390950681056e-09
2.468025964727312651e-07 1.447098627601619421e-07
2.924963849541248753e-07 8.992567580747894747e-07
2.434364262086081944e-07 2.280565273135137805e-07
8.207506656499403093e-08 -1.799369534212468158e-07
2.012042448857006544e-07 -7.035552991617345639e-07
3.656893375344253974e-07 -5.618399409794899490e-07
2.352297316571963463e-07 -4.062896697295795844e-07
4.218001246127193397e-07 -4.522595236872172239e-07
4.979260180586924684e-07 7.485593910975721491e-07
6.682580929502367555e-07 1.645541066481339871e-06
5.747195116776123026e-07 5.986400512887658058e-07
4.268619502042941609e-07 -5.905747706244147608e-08
4.992980667813352750e-07 9.826137389361640961e-07
4.353709068949312487e-07 1.180075691430187231e-06
2.413456711786711649e-07 6.838015683898628939e-07
4.761677812123822939e-07 1.244049648162909284e-07
3.703596038544518755e-07 -4.804011715156036720e-07
4.847641646868748177e-07 -4.914413477469948899e-07
-1.875406606839063538e-06 -2.565645710721405736e-06
-1.299914647814730837e-06 -3.258667591113486843e-06
-3.783617019881958426e-07 -2.543757361579192994e-06
-9.262045624855655020e-07 -3.812352121296847546e-07
-1.316626382349352396e-06 -1.183835990388299918e-06
-5.139365274636356693e-07 -1.242665772847567331e-06
-1.890576734249800965e-07 2.619168770872308469e-08
1.121066536085359957e-07 1.137020778674719833e-06
2.528015461376040330e-07 9.630993219493275415e-07
3.815613556891525987e-07 -1.632517656880588717e-07
1.760588148875360399e-07 4.517080514162037573e-07
6.435250232890143031e-07 1.025833529964222667e-06
4.141091096686267296e-07 1.581961272639315025e-06
9.306841580676197668e-08 5.795740333480513036e-07
-2.665266843678236671e-08 -3.549974804692022609e-07
-1.559989056919023758e-08 -5.329649552572393041e-07
7.984363130892012125e-07 1.727347903760375477e-07
3.020797987223464921e-07 1.877149145633623704e-07
8.593647127687069440e-07 7.809000044372865021e-07
9.045647597078367935e-07 1.154780585355881871e-06
6.285574391045746736e-07 9.278899576561330378e-07
9.053611680491725957e-07 1.318929438176153675e-06
3.868559873814652177e-07 -7.052397501861783981e-07
4.682785308921160340e-07 -2.743505480501247571e-07
4.959955992713613160e-07 -2.605996563171780653e-07
5.981183102838431450e-07 1.230473352364614771e-07
5.859717834847455287e-07 1.046361521972465734e-06
7.913200427095057279e-07 1.622942786952296637e-06
6.316945128876701167e-07 1.132136196273070442e-06
6.241975379654081872e-07 6.013619758238760166e-07
5.463928016361873956e-07 8.583174820859353012e-07
3.060960807367837633e-07 1.770355319291236866e-06
