-3.668503295731838473e-06 -2.595350219170007675e-06
-2.866168697526077374e-06 -2.331004718407254040e-06
-1.805339690364612193e-06 -1.132944319258816558e-06
-1.021454623915629612e-06 -7.309360135406226387e-07
-8.467275416392458518e-07 -7.644742633339824124e-07
-6.082963891037522100e-07 -1.043836032718246578e-06
-7.055269193546672923e-07 -8.984330852456815882e-07
2.377447547411332586e-07 -5.419542915697217259e-07
-1.590490361219641502e-07 -5.075074559295794337e-07
-5.684893731539929513e-07 -5.396319944211981468e-07
-4.915870596850807198e-07 -2.362364803230105809e-07
1.026650376607033956e-07 8.395919669971822169e-08
-2.243161156070309811e-07 -1.857543170297081143e-07
-2.250914153920211519e-07 -2.786692981125467379e-07
6.050645129209159804e-07 -1.600381832845106599e-07
8.068810427529468610e-07 1.080841961762521508e-07
5.938221604290705281e-07 2.185499880452695346e-08
4.908674424584393105e-07 2.661978749479607399e-07
5.407566727814223351e-07 4.579290599543374099e-07
9.459856387806019747e-07 9.689628501633482700e-07
9.189214049335935039e-07 6.827276699742987354e-07
9.137690224474442099e-07 4.432422150957449831e-07
1.285085927954839989e-06 1.721398408930194315e-07
1.952045610831565884e-06 4.042078206761165987e-07
1.463257320658715931e-06 5.886051196942052315e-07
1.189002992718837707e-06 8.991503431794455989e-07
1.490870355637048317e-06 7.695286373045464759e-07
1.618993569776890516e-06 5.068559136979680373e-08
1.489672417404059390e-06 1.040616148440961501e-06
1.065596178492752012e-06 1.288627983254086810e-06
8.824753959757621784e-07 1.208574414896455731e-06
7.316050637865905381e-07 8.146178051514450472e-07
-3.455102032418534995e-06 -2.199471938091141093e-06
-3.411447560307962765e-06 -1.973468907688070917e-06
-3.384748756507013816e-06 -2.084007670745541833e-06
-1.975480191456423501e-06 -1.392427676984340186e-06
-1.888320952077414546e-06 -1.114305422944574555e-06
-1.048877075670591733e-06 -6.384993808807159345e-07
-9.718636143198727835e-07 -6.884094495003098781e-07
-8.845920426017261750e-07 -9.896198531585098675e-07
-1.277303750015518365e-06 -6.544612433946986735e-07
-2.143912208685347223e-06 -1.152115898305167778e-06
3.651208256611897940e-07 -5.300213505121386234e-07
2.847029187397795166e-07 -1.288013475518644954e-07
-6.487640493045530429e-08 7.409147856581193232e-08
-3.567130611505478862e-07 -1.034063316478802309e-07
-5.803191147652115365e-07 -2.698601467541209067e-07
1.174308951269774162e-07 3.056147388385432186e-07
3.585380378611057704e-08 4.303290918954330459e-07
4.426727479711644526e-08 2.784978115700846852e-07
5.188706533823639865e-07 6.274746374025777453e-07
6.916939228398311105e-07 5.192942819921023260e-07
9.846853805223942109e-07 8.616057807936439730e-07
9.044962401037790048e-07 9.676875199098633150e-07
1.135718874823310995e-06 1.268878610496485349e-06
6.252758981926326505e-07 8.466656824833312972e-07
8.967148202834422135e-07 1.266212163897674101e-06
8.062556338005548819e-07 1.247946612181320154e-06
1.292779658669981716e-06 1.341886298937622352e-06
1.293731976894538948e-06 9.263281405518937796e-07
1.542533228314410893e-06 5.636244430785287792e-07
1.516306265349458220e-06 1.483677027411487835e-06
9.957225613545458076e-07 1.206238030268051286e-06
1.256863566716750980e-06 1.379883173553214120e-06
