3.769723746250143910e-07 -4.440869470026858267e-06
-3.257862085052291761e-07 -3.296356751615182061e-06
-1.357303442577708131e-06 -3.382841456134037104e-06
7.207470361627733554e-07 -4.101644791493393511e-06
-1.752793512536611196e-06 -1.589019526025043216e-06
-2.781187033071641221e-06 6.423205804109880987e-07
-8.315639988116860111e-07 4.551459635570779153e-07
-4.533297355369018489e-06 3.102662997691659030e-06
-1.358963356632201766e-06 2.525576692731029831e-06
-5.445476523926398943e-07 -3.581009116866005352e-06
3.883862564375698851e-08 -3.554982074665748243e-06
4.419641256574603592e-07 -4.217977077470660487e-06
-9.570469861924538090e-07 -2.534947433223960253e-06
2.930477325119260390e-07 -1.408771216080944108e-06
-2.812722465623872216e-06 5.418551135207628500e-06
1.177546539893513984e-06 5.102549121592809192e-06
1.274383503199624922e-06 -9.802393713836196761e-07
1.160305135094726685e-06 -2.855368554715360273e-06
1.021194017243924592e-06 -2.621876447889435468e-06
1.708313062288729781e-06 -1.839873410932638390e-06
1.687995828184863757e-06 -1.682790443135570550e-06
1.537577554141453234e-06 -4.005652254299282313e-07
6.990833432381619882e-07 5.101998183939674951e-06
2.445032139890132208e-06 5.952845818424937763e-06
3.021119752683790154e-07 5.250199216788677305e-06
1.486250063998817732e-06 1.531354921389481970e-07
8.098470873246699358e-07 1.543286986756823220e-06
1.419582590149174025e-06 4.044863354136930354e-06
1.945825159972879983e-06 1.269092928050943762e-06
1.975446950664436385e-06 2.959616145005258401e-08
1.548932813751710216e-06 -1.726141223061118522e-06
1.615904054680841429e-06 -2.552869311230161197e-06
4.013878052205534577e-07 -3.770977045493349294e-06
-8.660151929820201389e-07 -7.676678571993738207e-07
-2.030789673581493009e-06 1.520604354480261556e-06
-3.102899251287055979e-07 -2.735218017087564265e-06
-1.012322115502647454e-06 -3.592635917101510837e-06
-3.209242187878907699e-07 -3.197073601488246427e-06
-2.121556984242006172e-06 -1.729571667514043074e-06
-3.018221900917977456e-06 -9.931515572380393458e-07
-3.332145336946303473e-06 1.937849514964494965e-06
-3.574824079912665565e-06 2.193665319917044815e-06
-2.367861643691504681e-06 4.932905832912919200e-06
-1.564211888418737641e-06 -5.591398056061644612e-08
1.607775668356039841e-07 -2.133520060043044006e-06
4.758349342459749245e-07 -2.969844255909747743e-06
-9.631753705065485320e-07 -4.265888870530853933e-06
-4.285796419352545637e-08 -3.098355112936974786e-06
6.565039166338967995e-07 -2.815616466500127217e-06
1.148388789710393168e-06 -2.694550218362941807e-06
6.060147195992423825e-07 -7.470735542293720819e-08
-3.633336001492279509e-06 5.637267336861595453e-06
-1.363446983148016265e-06 7.228559749530749277e-06
1.530682004466857835e-06 -3.327474410590902294e-07
5.104724678311780720e-07 -1.712879605008178916e-06
1.542791976270239490e-06 -1.880774652646057241e-06
1.982014263023182025e-06 -1.383729589891766724e-06
1.806415892695348219e-06 -8.989973449364164071e-07
1.776678914972303220e-06 7.246582025832107925e-07
-5.991452836738689760e-07 7.977691823378954452e-06
1.081937877796386770e-06 9.844803445202711780e-06
8.773703744688636076e-07 2.744649501791141312e-06
2.447706594228355290e-06 3.552841333988669145e-07
1.684456763253866039e-06 2.182199670410413205e-06
